AÑO,PERIODO,FECHA ENVIO,CODIGO ENTIDAD,ENTIDAD,CODIGO LINEA,LINEA INTERVENCION,CODIGO SERVICIO,NOMBRE SERVICIO,UBIGEO,DEPARTAMENTO,PROVINCIA,DISTRITO,CODIGO CENTRO ATENCION,NOMBRE CENTRO ATENCION,N° DE CEM,N° CASOS ATENDIDOS-TOTAL,N° CASOS ATENDIDOS - HOMBRES - TOTAL,N° CASOS ATENDIDOS - MUJERES - TOTAL,N° CASOS ATENDIDOS - VIOLENCIA PSICOLOGICA,N° CASOS ATENDIDOS - VIOLENCIA FISICA,N° CASOS ATENDIDOS - VIOLENCIA SEXUAL,N° CASOS ATENDIDOS - VIOLENCIA ECONÓMICA O PATRIMONIAL,N° CASOS ATENDIDOS - 0_5 - TOTAL,N° CASOS ATENDIDOS - 0_5 - HOMBRES,N° CASOS ATENDIDOS - 0_5 - MUJERES,N° CASOS ATENDIDOS - 6_11 - TOTAL,N° CASOS ATENDIDOS - 6_11 - HOMBRES,N° CASOS ATENDIDOS - 6_11 - MUJERES,N° CASOS ATENDIDOS - 12_17 - TOTAL,N° CASOS ATENDIDOS - 12_17 - HOMBRES,N° CASOS ATENDIDOS - 12_17 - MUJERES,N° CASOS ATENDIDOS - 18_25 - TOTAL,N° CASOS ATENDIDOS - 18_25  - HOMBRES,N° CASOS ATENDIDOS - 18_25 - MUJERES,N° CASOS ATENDIDOS - 18_29 - TOTAL,N° CASOS ATENDIDOS - 18_29  - HOMBRES,N° CASOS ATENDIDOS - 18_29 - MUJERES,N° CASOS ATENDIDOS - 26_35 - TOTAL,N° CASOS ATENDIDOS - 26_35 - HOMBRES,N° CASOS ATENDIDOS - 26_35 - MUJERES,N° CASOS ATENDIDOS - 36_45 - TOTAL,N° CASOS ATENDIDOS - 36_45 - HOMBRES,N° CASOS ATENDIDOS - 36_45 - MUJERES,N° CASOS ATENDIDOS - 30_59 - TOTAL,N° CASOS ATENDIDOS - 30_59 - HOMBRES,N° CASOS ATENDIDOS - 30_59 - MUJERES,N° CASOS ATENDIDOS - 46_59 - TOTAL,N° CASOS ATENDIDOS - 46_59 - HOMBRES,N° CASOS ATENDIDOS - 46_59 - MUJERES,N° CASOS ATENDIDOS - 60_MÁS - TOTAL,N° CASOS ATENDIDOS - 60_MÁS - HOMBRES,N° CASOS ATENDIDOS - 60_MÁS - MUJERES,N° DE ACTIVIDADES - TOTAL
2014,ENE - DIC,10/01/2015,ENT001,PROGRAMA NACIONAL PARA LA PREVENCIÓN Y ERRADICACIÓN DE LA VIOLENCIA CONTRA LA MUJER E INTEGRANTES DEL GRUPO FAMILIAR,LIN001,ATENCIÓN INTEGRAL Y MULTIDISCIPLINARIA PARA VICTIMAS DE VIOLENCIA,SER001,CENTRO EMERGENCIA MUJER,30101,APURÍMAC,ABANCAY,ABANCAY,CEM001,ABANCAY,1.0,200,13.0,187,161,37,2.0,,0.0,,,10.0,,,12.0,,,33.0,,,,,,58.0,,,57.0,,,,,,23.0,,,7.0,,,"6,742"
2014,ENE - DIC,10/01/2015,ENT001,PROGRAMA NACIONAL PARA LA PREVENCIÓN Y ERRADICACIÓN DE LA VIOLENCIA CONTRA LA MUJER E INTEGRANTES DEL GRUPO FAMILIAR,LIN001,ATENCIÓN INTEGRAL Y MULTIDISCIPLINARIA PARA VICTIMAS DE VIOLENCIA,SER001,CENTRO EMERGENCIA MUJER,90201,HUANCAVELICA,ACOBAMBA,ACOBAMBA,CEM002,ACOBAMBA,1.0,121,12.0,109,35,74,12.0,,1.0,,,6.0,,,24.0,,,14.0,,,,,,28.0,,,16.0,,,,,,21.0,,,11.0,,,"6,821"
2014,ENE - DIC,10/01/2015,ENT001,PROGRAMA NACIONAL PARA LA PREVENCIÓN Y ERRADICACIÓN DE LA VIOLENCIA CONTRA LA MUJER E INTEGRANTES DEL GRUPO FAMILIAR,LIN001,ATENCIÓN INTEGRAL Y MULTIDISCIPLINARIA PARA VICTIMAS DE VIOLENCIA,SER001,CENTRO EMERGENCIA MUJER,100201,HUÁNUCO,AMBO,AMBO,CEM003,AMBO,1.0,139,9.0,130,65,62,12.0,,0.0,,,9.0,,,21.0,,,38.0,,,,,,33.0,,,22.0,,,,,,11.0,,,5.0,,,"11,679"
2014,ENE - DIC,10/01/2015,ENT001,PROGRAMA NACIONAL PARA LA PREVENCIÓN Y ERRADICACIÓN DE LA VIOLENCIA CONTRA LA MUJER E INTEGRANTES DEL GRUPO FAMILIAR,LIN001,ATENCIÓN INTEGRAL Y MULTIDISCIPLINARIA PARA VICTIMAS DE VIOLENCIA,SER001,CENTRO EMERGENCIA MUJER,30201,APURÍMAC,ANDAHUAYLAS,ANDAHUAYLAS,CEM004,ANDAHUAYLAS,1.0,325,41.0,284,191,114,20.0,,7.0,,,27.0,,,38.0,,,52.0,,,,,,76.0,,,79.0,,,,,,33.0,,,13.0,,,"4,178"
2014,ENE - DIC,10/01/2015,ENT001,PROGRAMA NACIONAL PARA LA PREVENCIÓN Y ERRADICACIÓN DE LA VIOLENCIA CONTRA LA MUJER E INTEGRANTES DEL GRUPO FAMILIAR,LIN001,ATENCIÓN INTEGRAL Y MULTIDISCIPLINARIA PARA VICTIMAS DE VIOLENCIA,SER001,CENTRO EMERGENCIA MUJER,90301,HUANCAVELICA,ANGARAES,LIRCAY,CEM135,ANGARAES,1.0,226,20.0,206,89,107,30.0,,5.0,,,15.0,,,28.0,,,48.0,,,,,,49.0,,,38.0,,,,,,29.0,,,14.0,,,"5,801"
2014,ENE - DIC,10/01/2015,ENT001,PROGRAMA NACIONAL PARA LA PREVENCIÓN Y ERRADICACIÓN DE LA VIOLENCIA CONTRA LA MUJER E INTEGRANTES DEL GRUPO FAMILIAR,LIN001,ATENCIÓN INTEGRAL Y MULTIDISCIPLINARIA PARA VICTIMAS DE VIOLENCIA,SER001,CENTRO EMERGENCIA MUJER,80301,CUSCO,ANTA,ANTA,CEM146,ANTA,1.0,354,53.0,301,145,198,11.0,,18.0,,,40.0,,,31.0,,,36.0,,,,,,75.0,,,81.0,,,,,,57.0,,,16.0,,,"8,968"
2014,ENE - DIC,10/01/2015,ENT001,PROGRAMA NACIONAL PARA LA PREVENCIÓN Y ERRADICACIÓN DE LA VIOLENCIA CONTRA LA MUJER E INTEGRANTES DEL GRUPO FAMILIAR,LIN001,ATENCIÓN INTEGRAL Y MULTIDISCIPLINARIA PARA VICTIMAS DE VIOLENCIA,SER001,CENTRO EMERGENCIA MUJER,30301,APURÍMAC,ANTABAMBA,ANTABAMBA,CEM005,ANTABAMBA,1.0,83,9.0,74,34,45,4.0,,1.0,,,5.0,,,10.0,,,8.0,,,,,,18.0,,,22.0,,,,,,13.0,,,6.0,,,"1,799"
2014,ENE - DIC,10/01/2015,ENT001,PROGRAMA NACIONAL PARA LA PREVENCIÓN Y ERRADICACIÓN DE LA VIOLENCIA CONTRA LA MUJER E INTEGRANTES DEL GRUPO FAMILIAR,LIN001,ATENCIÓN INTEGRAL Y MULTIDISCIPLINARIA PARA VICTIMAS DE VIOLENCIA,SER001,CENTRO EMERGENCIA MUJER,40101,AREQUIPA,AREQUIPA,AREQUIPA,CEM015,AREQUIPA,1.0,525,14.0,511,261,207,57.0,,12.0,,,28.0,,,37.0,,,73.0,,,,,,154.0,,,127.0,,,,,,71.0,,,23.0,,,"6,046"
2014,ENE - DIC,10/01/2015,ENT001,PROGRAMA NACIONAL PARA LA PREVENCIÓN Y ERRADICACIÓN DE LA VIOLENCIA CONTRA LA MUJER E INTEGRANTES DEL GRUPO FAMILIAR,LIN001,ATENCIÓN INTEGRAL Y MULTIDISCIPLINARIA PARA VICTIMAS DE VIOLENCIA,SER001,CENTRO EMERGENCIA MUJER,250201,UCAYALI,ATALAYA,RAYMONDI,CEM162,ATALAYA,1.0,47,6.0,41,17,18,12.0,,0.0,,,4.0,,,11.0,,,8.0,,,,,,15.0,,,8.0,,,,,,1.0,,,0.0,,,"1,044"
2014,ENE - DIC,10/01/2015,ENT001,PROGRAMA NACIONAL PARA LA PREVENCIÓN Y ERRADICACIÓN DE LA VIOLENCIA CONTRA LA MUJER E INTEGRANTES DEL GRUPO FAMILIAR,LIN001,ATENCIÓN INTEGRAL Y MULTIDISCIPLINARIA PARA VICTIMAS DE VIOLENCIA,SER001,CENTRO EMERGENCIA MUJER,200201,PIURA,AYABACA,AYABACA,CEM006,AYABACA,1.0,174,28.0,146,86,48,40.0,,9.0,,,38.0,,,34.0,,,16.0,,,,,,28.0,,,21.0,,,,,,16.0,,,12.0,,,"3,843"
2014,ENE - DIC,10/01/2015,ENT001,PROGRAMA NACIONAL PARA LA PREVENCIÓN Y ERRADICACIÓN DE LA VIOLENCIA CONTRA LA MUJER E INTEGRANTES DEL GRUPO FAMILIAR,LIN001,ATENCIÓN INTEGRAL Y MULTIDISCIPLINARIA PARA VICTIMAS DE VIOLENCIA,SER001,CENTRO EMERGENCIA MUJER,210201,PUNO,AZÁNGARO,AZÁNGARO,CEM115,AZANGARO,1.0,219,4.0,215,117,91,11.0,,3.0,,,3.0,,,14.0,,,51.0,,,,,,65.0,,,47.0,,,,,,28.0,,,8.0,,,"8,207"
2014,ENE - DIC,10/01/2015,ENT001,PROGRAMA NACIONAL PARA LA PREVENCIÓN Y ERRADICACIÓN DE LA VIOLENCIA CONTRA LA MUJER E INTEGRANTES DEL GRUPO FAMILIAR,LIN001,ATENCIÓN INTEGRAL Y MULTIDISCIPLINARIA PARA VICTIMAS DE VIOLENCIA,SER001,CENTRO EMERGENCIA MUJER,10201,AMAZONAS,BAGUA,BAGUA,CEM008,BAGUA,1.0,206,30.0,176,95,83,28.0,,15.0,,,32.0,,,30.0,,,30.0,,,,,,38.0,,,37.0,,,,,,23.0,,,1.0,,,"7,197"
2014,ENE - DIC,10/01/2015,ENT001,PROGRAMA NACIONAL PARA LA PREVENCIÓN Y ERRADICACIÓN DE LA VIOLENCIA CONTRA LA MUJER E INTEGRANTES DEL GRUPO FAMILIAR,LIN001,ATENCIÓN INTEGRAL Y MULTIDISCIPLINARIA PARA VICTIMAS DE VIOLENCIA,SER001,CENTRO EMERGENCIA MUJER,150201,LIMA PROVINCIAS,BARRANCA,BARRANCA,CEM155,BARRANCA,1.0,193,19.0,174,150,33,10.0,,3.0,,,20.0,,,17.0,,,25.0,,,,,,57.0,,,50.0,,,,,,16.0,,,5.0,,,"2,038"
2014,ENE - DIC,10/01/2015,ENT001,PROGRAMA NACIONAL PARA LA PREVENCIÓN Y ERRADICACIÓN DE LA VIOLENCIA CONTRA LA MUJER E INTEGRANTES DEL GRUPO FAMILIAR,LIN001,ATENCIÓN INTEGRAL Y MULTIDISCIPLINARIA PARA VICTIMAS DE VIOLENCIA,SER001,CENTRO EMERGENCIA MUJER,220201,SAN MARTÍN,BELLAVISTA,BELLAVISTA,CEM167,BELLAVISTA-SAN MARTIN,1.0,184,32.0,152,136,35,13.0,,9.0,,,29.0,,,36.0,,,22.0,,,,,,37.0,,,30.0,,,,,,15.0,,,6.0,,,"2,170"
2014,ENE - DIC,10/01/2015,ENT001,PROGRAMA NACIONAL PARA LA PREVENCIÓN Y ERRADICACIÓN DE LA VIOLENCIA CONTRA LA MUJER E INTEGRANTES DEL GRUPO FAMILIAR,LIN001,ATENCIÓN INTEGRAL Y MULTIDISCIPLINARIA PARA VICTIMAS DE VIOLENCIA,SER001,CENTRO EMERGENCIA MUJER,20501,ÁNCASH,BOLOGNESI,CHIQUIAN,CEM195,BOLOGNESI,1.0,91,15.0,76,40,37,14.0,,4.0,,,10.0,,,10.0,,,7.0,,,,,,20.0,,,20.0,,,,,,13.0,,,7.0,,,"1,864"
2014,ENE - DIC,10/01/2015,ENT001,PROGRAMA NACIONAL PARA LA PREVENCIÓN Y ERRADICACIÓN DE LA VIOLENCIA CONTRA LA MUJER E INTEGRANTES DEL GRUPO FAMILIAR,LIN001,ATENCIÓN INTEGRAL Y MULTIDISCIPLINARIA PARA VICTIMAS DE VIOLENCIA,SER001,CENTRO EMERGENCIA MUJER,160401,LORETO,MARISCAL RAMÓN CASTILLA,RAMÓN CASTILLA,CEM139,CABALLO COCHA,1.0,156,24.0,132,89,28,39.0,,11.0,,,34.0,,,27.0,,,17.0,,,,,,41.0,,,16.0,,,,,,8.0,,,2.0,,,"4,578"
2014,ENE - DIC,10/01/2015,ENT001,PROGRAMA NACIONAL PARA LA PREVENCIÓN Y ERRADICACIÓN DE LA VIOLENCIA CONTRA LA MUJER E INTEGRANTES DEL GRUPO FAMILIAR,LIN001,ATENCIÓN INTEGRAL Y MULTIDISCIPLINARIA PARA VICTIMAS DE VIOLENCIA,SER001,CENTRO EMERGENCIA MUJER,60201,CAJAMARCA,CAJABAMBA,CAJABAMBA,CEM148,CAJABAMBA,1.0,41,5.0,36,31,5,5.0,,1.0,,,5.0,,,8.0,,,10.0,,,,,,4.0,,,9.0,,,,,,3.0,,,1.0,,,"1,331"
2014,ENE - DIC,10/01/2015,ENT001,PROGRAMA NACIONAL PARA LA PREVENCIÓN Y ERRADICACIÓN DE LA VIOLENCIA CONTRA LA MUJER E INTEGRANTES DEL GRUPO FAMILIAR,LIN001,ATENCIÓN INTEGRAL Y MULTIDISCIPLINARIA PARA VICTIMAS DE VIOLENCIA,SER001,CENTRO EMERGENCIA MUJER,60101,CAJAMARCA,CAJAMARCA,CAJAMARCA,CEM009,CAJAMARCA,1.0,295,41.0,254,180,97,18.0,,7.0,,,39.0,,,37.0,,,43.0,,,,,,79.0,,,46.0,,,,,,29.0,,,15.0,,,"5,730"
2014,ENE - DIC,10/01/2015,ENT001,PROGRAMA NACIONAL PARA LA PREVENCIÓN Y ERRADICACIÓN DE LA VIOLENCIA CONTRA LA MUJER E INTEGRANTES DEL GRUPO FAMILIAR,LIN001,ATENCIÓN INTEGRAL Y MULTIDISCIPLINARIA PARA VICTIMAS DE VIOLENCIA,SER001,CENTRO EMERGENCIA MUJER,80401,CUSCO,CALCA,CALCA,CEM173,CALCA,1.0,183,19.0,164,83,80,20.0,,8.0,,,24.0,,,28.0,,,21.0,,,,,,44.0,,,30.0,,,,,,21.0,,,7.0,,,"5,160"
2014,ENE - DIC,10/01/2015,ENT001,PROGRAMA NACIONAL PARA LA PREVENCIÓN Y ERRADICACIÓN DE LA VIOLENCIA CONTRA LA MUJER E INTEGRANTES DEL GRUPO FAMILIAR,LIN001,ATENCIÓN INTEGRAL Y MULTIDISCIPLINARIA PARA VICTIMAS DE VIOLENCIA,SER001,CENTRO EMERGENCIA MUJER,70101,CALLAO,CALLAO,CALLAO,CEM010,CALLAO,1.0,307,60.0,247,197,50,60.0,,25.0,,,48.0,,,49.0,,,24.0,,,,,,55.0,,,40.0,,,,,,38.0,,,28.0,,,"12,605"
2014,ENE - DIC,10/01/2015,ENT001,PROGRAMA NACIONAL PARA LA PREVENCIÓN Y ERRADICACIÓN DE LA VIOLENCIA CONTRA LA MUJER E INTEGRANTES DEL GRUPO FAMILIAR,LIN001,ATENCIÓN INTEGRAL Y MULTIDISCIPLINARIA PARA VICTIMAS DE VIOLENCIA,SER001,CENTRO EMERGENCIA MUJER,40201,AREQUIPA,CAMANÁ,CAMANÁ,CEM011,CAMANA,1.0,409,77.0,332,202,157,50.0,,41.0,,,74.0,,,67.0,,,55.0,,,,,,87.0,,,55.0,,,,,,21.0,,,9.0,,,"15,401"
2014,ENE - DIC,10/01/2015,ENT001,PROGRAMA NACIONAL PARA LA PREVENCIÓN Y ERRADICACIÓN DE LA VIOLENCIA CONTRA LA MUJER E INTEGRANTES DEL GRUPO FAMILIAR,LIN001,ATENCIÓN INTEGRAL Y MULTIDISCIPLINARIA PARA VICTIMAS DE VIOLENCIA,SER001,CENTRO EMERGENCIA MUJER,80501,CUSCO,CANAS,YANAOCA,CEM185,CANAS,1.0,96,14.0,82,26,63,7.0,,2.0,,,6.0,,,13.0,,,19.0,,,,,,23.0,,,14.0,,,,,,15.0,,,4.0,,,"3,254"
2014,ENE - DIC,10/01/2015,ENT001,PROGRAMA NACIONAL PARA LA PREVENCIÓN Y ERRADICACIÓN DE LA VIOLENCIA CONTRA LA MUJER E INTEGRANTES DEL GRUPO FAMILIAR,LIN001,ATENCIÓN INTEGRAL Y MULTIDISCIPLINARIA PARA VICTIMAS DE VIOLENCIA,SER001,CENTRO EMERGENCIA MUJER,230201,TACNA,CANDARAVE,CANDARAVE,CEM147,CANDARAVE,1.0,68,9.0,59,46,14,8.0,,2.0,,,10.0,,,9.0,,,9.0,,,,,,9.0,,,14.0,,,,,,12.0,,,3.0,,,"1,203"
2014,ENE - DIC,10/01/2015,ENT001,PROGRAMA NACIONAL PARA LA PREVENCIÓN Y ERRADICACIÓN DE LA VIOLENCIA CONTRA LA MUJER E INTEGRANTES DEL GRUPO FAMILIAR,LIN001,ATENCIÓN INTEGRAL Y MULTIDISCIPLINARIA PARA VICTIMAS DE VIOLENCIA,SER001,CENTRO EMERGENCIA MUJER,50201,AYACUCHO,CANGALLO,CANGALLO,CEM012,CANGALLO,1.0,122,21.0,101,97,24,1.0,,8.0,,,9.0,,,11.0,,,24.0,,,,,,23.0,,,22.0,,,,,,21.0,,,4.0,,,"1,926"
2014,ENE - DIC,10/01/2015,ENT001,PROGRAMA NACIONAL PARA LA PREVENCIÓN Y ERRADICACIÓN DE LA VIOLENCIA CONTRA LA MUJER E INTEGRANTES DEL GRUPO FAMILIAR,LIN001,ATENCIÓN INTEGRAL Y MULTIDISCIPLINARIA PARA VICTIMAS DE VIOLENCIA,SER001,CENTRO EMERGENCIA MUJER,210301,PUNO,CARABAYA,MACUSANI,CEM150,CARABAYA,1.0,273,21.0,252,88,147,38.0,,5.0,,,24.0,,,32.0,,,51.0,,,,,,62.0,,,56.0,,,,,,38.0,,,5.0,,,"6,314"
2014,ENE - DIC,10/01/2015,ENT001,PROGRAMA NACIONAL PARA LA PREVENCIÓN Y ERRADICACIÓN DE LA VIOLENCIA CONTRA LA MUJER E INTEGRANTES DEL GRUPO FAMILIAR,LIN001,ATENCIÓN INTEGRAL Y MULTIDISCIPLINARIA PARA VICTIMAS DE VIOLENCIA,SER001,CENTRO EMERGENCIA MUJER,150106,LIMA METROPOLITANA,LIMA,CARABAYLLO,CEM014,CARABAYLLO,1.0,323,36.0,287,108,110,105.0,,24.0,,,62.0,,,66.0,,,27.0,,,,,,54.0,,,57.0,,,,,,22.0,,,11.0,,,"8,448"
2014,ENE - DIC,10/01/2015,ENT001,PROGRAMA NACIONAL PARA LA PREVENCIÓN Y ERRADICACIÓN DE LA VIOLENCIA CONTRA LA MUJER E INTEGRANTES DEL GRUPO FAMILIAR,LIN001,ATENCIÓN INTEGRAL Y MULTIDISCIPLINARIA PARA VICTIMAS DE VIOLENCIA,SER001,CENTRO EMERGENCIA MUJER,40301,AREQUIPA,CARAVELI,CARAVELI,CEM194,CARAVELI,1.0,108,10.0,98,70,29,9.0,,2.0,,,7.0,,,10.0,,,21.0,,,,,,28.0,,,25.0,,,,,,8.0,,,7.0,,,"1,735"
2014,ENE - DIC,10/01/2015,ENT001,PROGRAMA NACIONAL PARA LA PREVENCIÓN Y ERRADICACIÓN DE LA VIOLENCIA CONTRA LA MUJER E INTEGRANTES DEL GRUPO FAMILIAR,LIN001,ATENCIÓN INTEGRAL Y MULTIDISCIPLINARIA PARA VICTIMAS DE VIOLENCIA,SER001,CENTRO EMERGENCIA MUJER,20601,ÁNCASH,CARHUAZ,CARHUAZ,CEM163,CARHUAZ,1.0,178,27.0,151,90,77,11.0,,12.0,,,16.0,,,20.0,,,22.0,,,,,,35.0,,,36.0,,,,,,22.0,,,15.0,,,"6,060"
2014,ENE - DIC,10/01/2015,ENT001,PROGRAMA NACIONAL PARA LA PREVENCIÓN Y ERRADICACIÓN DE LA VIOLENCIA CONTRA LA MUJER E INTEGRANTES DEL GRUPO FAMILIAR,LIN001,ATENCIÓN INTEGRAL Y MULTIDISCIPLINARIA PARA VICTIMAS DE VIOLENCIA,SER001,CENTRO EMERGENCIA MUJER,70103,CALLAO,CALLAO,CARMEN DE LA LEGUA REYNOSO,CEM116,CARMEN DE LA LEGUA,1.0,249,41.0,208,139,93,17.0,,14.0,,,45.0,,,26.0,,,21.0,,,,,,54.0,,,34.0,,,,,,24.0,,,31.0,,,"7,666"
2014,ENE - DIC,10/01/2015,ENT001,PROGRAMA NACIONAL PARA LA PREVENCIÓN Y ERRADICACIÓN DE LA VIOLENCIA CONTRA LA MUJER E INTEGRANTES DEL GRUPO FAMILIAR,LIN001,ATENCIÓN INTEGRAL Y MULTIDISCIPLINARIA PARA VICTIMAS DE VIOLENCIA,SER001,CENTRO EMERGENCIA MUJER,20801,ÁNCASH,CASMA,CASMA,CEM143,CASMA,1.0,174,36.0,138,107,52,15.0,,9.0,,,23.0,,,22.0,,,35.0,,,,,,35.0,,,30.0,,,,,,9.0,,,11.0,,,"6,555"
2014,ENE - DIC,10/01/2015,ENT001,PROGRAMA NACIONAL PARA LA PREVENCIÓN Y ERRADICACIÓN DE LA VIOLENCIA CONTRA LA MUJER E INTEGRANTES DEL GRUPO FAMILIAR,LIN001,ATENCIÓN INTEGRAL Y MULTIDISCIPLINARIA PARA VICTIMAS DE VIOLENCIA,SER001,CENTRO EMERGENCIA MUJER,40401,AREQUIPA,CASTILLA,APLAO,CEM193,CASTILLA,1.0,154,22.0,132,50,85,19.0,,7.0,,,22.0,,,14.0,,,28.0,,,,,,32.0,,,29.0,,,,,,16.0,,,6.0,,,"4,153"
2014,ENE - DIC,10/01/2015,ENT001,PROGRAMA NACIONAL PARA LA PREVENCIÓN Y ERRADICACIÓN DE LA VIOLENCIA CONTRA LA MUJER E INTEGRANTES DEL GRUPO FAMILIAR,LIN001,ATENCIÓN INTEGRAL Y MULTIDISCIPLINARIA PARA VICTIMAS DE VIOLENCIA,SER001,CENTRO EMERGENCIA MUJER,90401,HUANCAVELICA,CASTROVIRREYNA,CASTROVIRREYNA,CEM177,CASTROVIRREYNA,1.0,149,24.0,125,53,64,32.0,,10.0,,,19.0,,,28.0,,,25.0,,,,,,20.0,,,32.0,,,,,,9.0,,,6.0,,,"4,466"
2014,ENE - DIC,10/01/2015,ENT001,PROGRAMA NACIONAL PARA LA PREVENCIÓN Y ERRADICACIÓN DE LA VIOLENCIA CONTRA LA MUJER E INTEGRANTES DEL GRUPO FAMILIAR,LIN001,ATENCIÓN INTEGRAL Y MULTIDISCIPLINARIA PARA VICTIMAS DE VIOLENCIA,SER001,CENTRO EMERGENCIA MUJER,60301,CAJAMARCA,CELENDÍN,CELENDÍN,CEM164,CELENDÍN,1.0,139,15.0,124,31,74,34.0,,0.0,,,15.0,,,23.0,,,13.0,,,,,,39.0,,,28.0,,,,,,19.0,,,2.0,,,"4,517"
2014,ENE - DIC,10/01/2015,ENT001,PROGRAMA NACIONAL PARA LA PREVENCIÓN Y ERRADICACIÓN DE LA VIOLENCIA CONTRA LA MUJER E INTEGRANTES DEL GRUPO FAMILIAR,LIN001,ATENCIÓN INTEGRAL Y MULTIDISCIPLINARIA PARA VICTIMAS DE VIOLENCIA,SER001,CENTRO EMERGENCIA MUJER,10101,AMAZONAS,CHACHAPOYAS,CHACHAPOYAS,CEM016,CHACHAPOYAS,1.0,148,21.0,127,64,75,9.0,,13.0,,,16.0,,,12.0,,,28.0,,,,,,35.0,,,29.0,,,,,,11.0,,,4.0,,,"2,621"
2014,ENE - DIC,10/01/2015,ENT001,PROGRAMA NACIONAL PARA LA PREVENCIÓN Y ERRADICACIÓN DE LA VIOLENCIA CONTRA LA MUJER E INTEGRANTES DEL GRUPO FAMILIAR,LIN001,ATENCIÓN INTEGRAL Y MULTIDISCIPLINARIA PARA VICTIMAS DE VIOLENCIA,SER001,CENTRO EMERGENCIA MUJER,120301,JUNÍN,CHANCHAMAYO,CHANCHAMAYO,CEM017,CHANCHAMAYO,1.0,383,30.0,353,149,162,72.0,,10.0,,,50.0,,,48.0,,,57.0,,,,,,102.0,,,63.0,,,,,,45.0,,,8.0,,,"9,920"
2014,ENE - DIC,10/01/2015,ENT001,PROGRAMA NACIONAL PARA LA PREVENCIÓN Y ERRADICACIÓN DE LA VIOLENCIA CONTRA LA MUJER E INTEGRANTES DEL GRUPO FAMILIAR,LIN001,ATENCIÓN INTEGRAL Y MULTIDISCIPLINARIA PARA VICTIMAS DE VIOLENCIA,SER001,CENTRO EMERGENCIA MUJER,130401,LA LIBERTAD,CHEPÉN,CHEPÉN,CEM137,CHEPEN,1.0,298,44.0,254,157,106,35.0,,26.0,,,32.0,,,46.0,,,53.0,,,,,,70.0,,,52.0,,,,,,15.0,,,4.0,,,"6,930"
2014,ENE - DIC,10/01/2015,ENT001,PROGRAMA NACIONAL PARA LA PREVENCIÓN Y ERRADICACIÓN DE LA VIOLENCIA CONTRA LA MUJER E INTEGRANTES DEL GRUPO FAMILIAR,LIN001,ATENCIÓN INTEGRAL Y MULTIDISCIPLINARIA PARA VICTIMAS DE VIOLENCIA,SER001,CENTRO EMERGENCIA MUJER,140101,LAMBAYEQUE,CHICLAYO,CHICLAYO,CEM018,CHICLAYO,1.0,220,18.0,202,168,33,19.0,,3.0,,,31.0,,,20.0,,,28.0,,,,,,58.0,,,46.0,,,,,,26.0,,,8.0,,,"6,076"
2014,ENE - DIC,10/01/2015,ENT001,PROGRAMA NACIONAL PARA LA PREVENCIÓN Y ERRADICACIÓN DE LA VIOLENCIA CONTRA LA MUJER E INTEGRANTES DEL GRUPO FAMILIAR,LIN001,ATENCIÓN INTEGRAL Y MULTIDISCIPLINARIA PARA VICTIMAS DE VIOLENCIA,SER001,CENTRO EMERGENCIA MUJER,120107,JUNÍN,HUANCAYO,CHILCA,CEM019,CHILCA,1.0,380,77.0,303,193,172,15.0,,39.0,,,69.0,,,54.0,,,41.0,,,,,,67.0,,,59.0,,,,,,35.0,,,16.0,,,"4,534"
2014,ENE - DIC,10/01/2015,ENT001,PROGRAMA NACIONAL PARA LA PREVENCIÓN Y ERRADICACIÓN DE LA VIOLENCIA CONTRA LA MUJER E INTEGRANTES DEL GRUPO FAMILIAR,LIN001,ATENCIÓN INTEGRAL Y MULTIDISCIPLINARIA PARA VICTIMAS DE VIOLENCIA,SER001,CENTRO EMERGENCIA MUJER,21801,ÁNCASH,SANTA,CHIMBOTE,CEM020,CHIMBOTE,1.0,210,18.0,192,186,16,8.0,,3.0,,,15.0,,,18.0,,,23.0,,,,,,60.0,,,54.0,,,,,,21.0,,,16.0,,,"4,731"
2014,ENE - DIC,10/01/2015,ENT001,PROGRAMA NACIONAL PARA LA PREVENCIÓN Y ERRADICACIÓN DE LA VIOLENCIA CONTRA LA MUJER E INTEGRANTES DEL GRUPO FAMILIAR,LIN001,ATENCIÓN INTEGRAL Y MULTIDISCIPLINARIA PARA VICTIMAS DE VIOLENCIA,SER001,CENTRO EMERGENCIA MUJER,30601,APURÍMAC,CHINCHEROS,CHINCHEROS,CEM021,CHINCHEROS,1.0,212,28.0,184,151,52,9.0,,2.0,,,7.0,,,12.0,,,31.0,,,,,,65.0,,,63.0,,,,,,24.0,,,8.0,,,"16,363"
2014,ENE - DIC,10/01/2015,ENT001,PROGRAMA NACIONAL PARA LA PREVENCIÓN Y ERRADICACIÓN DE LA VIOLENCIA CONTRA LA MUJER E INTEGRANTES DEL GRUPO FAMILIAR,LIN001,ATENCIÓN INTEGRAL Y MULTIDISCIPLINARIA PARA VICTIMAS DE VIOLENCIA,SER001,CENTRO EMERGENCIA MUJER,40501,AREQUIPA,CAYLLOMA,CHIVAY,CEM022,CHIVAY,1.0,109,29.0,80,73,30,6.0,,13.0,,,21.0,,,21.0,,,7.0,,,,,,13.0,,,13.0,,,,,,14.0,,,7.0,,,"4,909"
2014,ENE - DIC,10/01/2015,ENT001,PROGRAMA NACIONAL PARA LA PREVENCIÓN Y ERRADICACIÓN DE LA VIOLENCIA CONTRA LA MUJER E INTEGRANTES DEL GRUPO FAMILIAR,LIN001,ATENCIÓN INTEGRAL Y MULTIDISCIPLINARIA PARA VICTIMAS DE VIOLENCIA,SER001,CENTRO EMERGENCIA MUJER,130203,LA LIBERTAD,ASCOPE,CHOCOPE,CEM023,CHOCOPE,1.0,406,95.0,311,147,169,90.0,,43.0,,,120.0,,,86.0,,,45.0,,,,,,53.0,,,28.0,,,,,,20.0,,,11.0,,,"13,055"
2014,ENE - DIC,10/01/2015,ENT001,PROGRAMA NACIONAL PARA LA PREVENCIÓN Y ERRADICACIÓN DE LA VIOLENCIA CONTRA LA MUJER E INTEGRANTES DEL GRUPO FAMILIAR,LIN001,ATENCIÓN INTEGRAL Y MULTIDISCIPLINARIA PARA VICTIMAS DE VIOLENCIA,SER001,CENTRO EMERGENCIA MUJER,60401,CAJAMARCA,CHOTA,CHOTA,CEM024,CHOTA,1.0,117,14.0,103,48,58,11.0,,6.0,,,9.0,,,14.0,,,8.0,,,,,,29.0,,,23.0,,,,,,19.0,,,9.0,,,"4,016"
2014,ENE - DIC,10/01/2015,ENT001,PROGRAMA NACIONAL PARA LA PREVENCIÓN Y ERRADICACIÓN DE LA VIOLENCIA CONTRA LA MUJER E INTEGRANTES DEL GRUPO FAMILIAR,LIN001,ATENCIÓN INTEGRAL Y MULTIDISCIPLINARIA PARA VICTIMAS DE VIOLENCIA,SER001,CENTRO EMERGENCIA MUJER,210401,PUNO,CHUCUITO,JULI,CEM123,CHUCUITO,1.0,136,15.0,121,37,85,14.0,,3.0,,,9.0,,,12.0,,,18.0,,,,,,40.0,,,28.0,,,,,,17.0,,,9.0,,,"3,900"
2014,ENE - DIC,10/01/2015,ENT001,PROGRAMA NACIONAL PARA LA PREVENCIÓN Y ERRADICACIÓN DE LA VIOLENCIA CONTRA LA MUJER E INTEGRANTES DEL GRUPO FAMILIAR,LIN001,ATENCIÓN INTEGRAL Y MULTIDISCIPLINARIA PARA VICTIMAS DE VIOLENCIA,SER001,CENTRO EMERGENCIA MUJER,200401,PIURA,MORROPÓN,CHULUCANAS,CEM025,CHULUCANAS,1.0,280,19.0,261,164,108,8.0,,3.0,,,12.0,,,26.0,,,49.0,,,,,,92.0,,,51.0,,,,,,35.0,,,12.0,,,"4,589"
2014,ENE - DIC,10/01/2015,ENT001,PROGRAMA NACIONAL PARA LA PREVENCIÓN Y ERRADICACIÓN DE LA VIOLENCIA CONTRA LA MUJER E INTEGRANTES DEL GRUPO FAMILIAR,LIN001,ATENCIÓN INTEGRAL Y MULTIDISCIPLINARIA PARA VICTIMAS DE VIOLENCIA,SER001,CENTRO EMERGENCIA MUJER,80701,CUSCO,CHUMBIVILCAS,SANTO TOMÁS,CEM026,CHUMBIVILCAS,1.0,197,19.0,178,128,60,9.0,,2.0,,,14.0,,,19.0,,,19.0,,,,,,56.0,,,34.0,,,,,,43.0,,,10.0,,,"4,272"
2014,ENE - DIC,10/01/2015,ENT001,PROGRAMA NACIONAL PARA LA PREVENCIÓN Y ERRADICACIÓN DE LA VIOLENCIA CONTRA LA MUJER E INTEGRANTES DEL GRUPO FAMILIAR,LIN001,ATENCIÓN INTEGRAL Y MULTIDISCIPLINARIA PARA VICTIMAS DE VIOLENCIA,SER001,CENTRO EMERGENCIA MUJER,120901,JUNÍN,CHUPACA,CHUPACA,CEM117,CHUPACA,1.0,304,57.0,247,106,175,23.0,,16.0,,,75.0,,,49.0,,,21.0,,,,,,47.0,,,46.0,,,,,,26.0,,,24.0,,,"14,674"
2014,ENE - DIC,10/01/2015,ENT001,PROGRAMA NACIONAL PARA LA PREVENCIÓN Y ERRADICACIÓN DE LA VIOLENCIA CONTRA LA MUJER E INTEGRANTES DEL GRUPO FAMILIAR,LIN001,ATENCIÓN INTEGRAL Y MULTIDISCIPLINARIA PARA VICTIMAS DE VIOLENCIA,SER001,CENTRO EMERGENCIA MUJER,30701,APURÍMAC,GRAU,CHUQUIBAMBILLA,CEM027,CHUQUIBAMBILLA,1.0,110,24.0,86,45,61,4.0,,9.0,,,19.0,,,9.0,,,16.0,,,,,,17.0,,,21.0,,,,,,13.0,,,6.0,,,"4,383"
2014,ENE - DIC,10/01/2015,ENT001,PROGRAMA NACIONAL PARA LA PREVENCIÓN Y ERRADICACIÓN DE LA VIOLENCIA CONTRA LA MUJER E INTEGRANTES DEL GRUPO FAMILIAR,LIN001,ATENCIÓN INTEGRAL Y MULTIDISCIPLINARIA PARA VICTIMAS DE VIOLENCIA,SER001,CENTRO EMERGENCIA MUJER,90501,HUANCAVELICA,CHURCAMPA,CHURCAMPA,CEM028,CHURCAMPA,1.0,99,18.0,81,48,37,14.0,,3.0,,,21.0,,,10.0,,,8.0,,,,,,15.0,,,21.0,,,,,,16.0,,,5.0,,,"5,094"
2014,ENE - DIC,10/01/2015,ENT001,PROGRAMA NACIONAL PARA LA PREVENCIÓN Y ERRADICACIÓN DE LA VIOLENCIA CONTRA LA MUJER E INTEGRANTES DEL GRUPO FAMILIAR,LIN001,ATENCIÓN INTEGRAL Y MULTIDISCIPLINARIA PARA VICTIMAS DE VIOLENCIA,SER001,CENTRO EMERGENCIA MUJER,150110,LIMA METROPOLITANA,LIMA,COMAS,CEM029,COMAS,1.0,480,68.0,412,208,186,86.0,,21.0,,,69.0,,,87.0,,,47.0,,,,,,83.0,,,82.0,,,,,,48.0,,,43.0,,,"13,300"
2014,ENE - DIC,10/01/2015,ENT001,PROGRAMA NACIONAL PARA LA PREVENCIÓN Y ERRADICACIÓN DE LA VIOLENCIA CONTRA LA MUJER E INTEGRANTES DEL GRUPO FAMILIAR,LIN001,ATENCIÓN INTEGRAL Y MULTIDISCIPLINARIA PARA VICTIMAS DE VIOLENCIA,SER001,CENTRO EMERGENCIA MUJER,120201,JUNÍN,CONCEPCIÓN,CONCEPCIÓN,CEM030,CONCEPCION,1.0,160,15.0,145,62,88,10.0,,5.0,,,12.0,,,19.0,,,24.0,,,,,,39.0,,,32.0,,,,,,23.0,,,6.0,,,"4,181"
2014,ENE - DIC,10/01/2015,ENT001,PROGRAMA NACIONAL PARA LA PREVENCIÓN Y ERRADICACIÓN DE LA VIOLENCIA CONTRA LA MUJER E INTEGRANTES DEL GRUPO FAMILIAR,LIN001,ATENCIÓN INTEGRAL Y MULTIDISCIPLINARIA PARA VICTIMAS DE VIOLENCIA,SER001,CENTRO EMERGENCIA MUJER,10401,AMAZONAS,CONDORCANQUI,NIEVA,CEM156,CONDORCANQUI,1.0,65,9.0,56,12,35,18.0,,4.0,,,10.0,,,10.0,,,15.0,,,,,,13.0,,,12.0,,,,,,0.0,,,1.0,,,691
2014,ENE - DIC,10/01/2015,ENT001,PROGRAMA NACIONAL PARA LA PREVENCIÓN Y ERRADICACIÓN DE LA VIOLENCIA CONTRA LA MUJER E INTEGRANTES DEL GRUPO FAMILIAR,LIN001,ATENCIÓN INTEGRAL Y MULTIDISCIPLINARIA PARA VICTIMAS DE VIOLENCIA,SER001,CENTRO EMERGENCIA MUJER,60501,CAJAMARCA,CONTUMAZA,CONTUMAZA,CEM178,CONTUMAZA,1.0,89,12.0,77,47,30,12.0,,2.0,,,9.0,,,13.0,,,7.0,,,,,,21.0,,,15.0,,,,,,18.0,,,4.0,,,"1,433"
2014,ENE - DIC,10/01/2015,ENT001,PROGRAMA NACIONAL PARA LA PREVENCIÓN Y ERRADICACIÓN DE LA VIOLENCIA CONTRA LA MUJER E INTEGRANTES DEL GRUPO FAMILIAR,LIN001,ATENCIÓN INTEGRAL Y MULTIDISCIPLINARIA PARA VICTIMAS DE VIOLENCIA,SER001,CENTRO EMERGENCIA MUJER,30501,APURÍMAC,COTABAMBAS,TAMBOBAMBA,CEM149,COTABAMBAS,1.0,102,0.0,102,26,58,18.0,,2.0,,,3.0,,,19.0,,,22.0,,,,,,27.0,,,19.0,,,,,,6.0,,,4.0,,,"4,805"
2014,ENE - DIC,10/01/2015,ENT001,PROGRAMA NACIONAL PARA LA PREVENCIÓN Y ERRADICACIÓN DE LA VIOLENCIA CONTRA LA MUJER E INTEGRANTES DEL GRUPO FAMILIAR,LIN001,ATENCIÓN INTEGRAL Y MULTIDISCIPLINARIA PARA VICTIMAS DE VIOLENCIA,SER001,CENTRO EMERGENCIA MUJER,80108,CUSCO,CUSCO,WANCHAQ,CEM031,CUSCO,1.0,"1,021",55.0,966,439,530,52.0,,19.0,,,31.0,,,62.0,,,161.0,,,,,,349.0,,,247.0,,,,,,114.0,,,38.0,,,"13,553"
2014,ENE - DIC,10/01/2015,ENT001,PROGRAMA NACIONAL PARA LA PREVENCIÓN Y ERRADICACIÓN DE LA VIOLENCIA CONTRA LA MUJER E INTEGRANTES DEL GRUPO FAMILIAR,LIN001,ATENCIÓN INTEGRAL Y MULTIDISCIPLINARIA PARA VICTIMAS DE VIOLENCIA,SER001,CENTRO EMERGENCIA MUJER,60601,CAJAMARCA,CUTERVO,CUTERVO,CEM136,CUTERVO,1.0,161,20.0,141,43,90,28.0,,7.0,,,30.0,,,22.0,,,17.0,,,,,,39.0,,,26.0,,,,,,13.0,,,7.0,,,"4,727"
2014,ENE - DIC,10/01/2015,ENT001,PROGRAMA NACIONAL PARA LA PREVENCIÓN Y ERRADICACIÓN DE LA VIOLENCIA CONTRA LA MUJER E INTEGRANTES DEL GRUPO FAMILIAR,LIN001,ATENCIÓN INTEGRAL Y MULTIDISCIPLINARIA PARA VICTIMAS DE VIOLENCIA,SER001,CENTRO EMERGENCIA MUJER,190201,PASCO,DANIEL ALCIDES CARRIÓN,YANAHUANCA,CEM168,DANIEL ALCIDES CARRION,1.0,118,12.0,106,68,41,9.0,,1.0,,,7.0,,,11.0,,,23.0,,,,,,27.0,,,23.0,,,,,,20.0,,,6.0,,,"4,777"
2014,ENE - DIC,10/01/2015,ENT001,PROGRAMA NACIONAL PARA LA PREVENCIÓN Y ERRADICACIÓN DE LA VIOLENCIA CONTRA LA MUJER E INTEGRANTES DEL GRUPO FAMILIAR,LIN001,ATENCIÓN INTEGRAL Y MULTIDISCIPLINARIA PARA VICTIMAS DE VIOLENCIA,SER001,CENTRO EMERGENCIA MUJER,160701,LORETO,DATEM DEL MARAÑON,BARRANCA,CEM152,DATEM DEL MARAÑON,1.0,141,12.0,129,27,83,31.0,,8.0,,,7.0,,,28.0,,,27.0,,,,,,37.0,,,19.0,,,,,,10.0,,,5.0,,,"1,277"
2014,ENE - DIC,10/01/2015,ENT001,PROGRAMA NACIONAL PARA LA PREVENCIÓN Y ERRADICACIÓN DE LA VIOLENCIA CONTRA LA MUJER E INTEGRANTES DEL GRUPO FAMILIAR,LIN001,ATENCIÓN INTEGRAL Y MULTIDISCIPLINARIA PARA VICTIMAS DE VIOLENCIA,SER001,CENTRO EMERGENCIA MUJER,100301,HUÁNUCO,DOS DE MAYO,LA UNIÓN,CEM157,DOS DE MAYO,1.0,131,13.0,118,47,71,13.0,,0.0,,,4.0,,,15.0,,,21.0,,,,,,28.0,,,29.0,,,,,,22.0,,,12.0,,,"3,046"
2014,ENE - DIC,10/01/2015,ENT001,PROGRAMA NACIONAL PARA LA PREVENCIÓN Y ERRADICACIÓN DE LA VIOLENCIA CONTRA LA MUJER E INTEGRANTES DEL GRUPO FAMILIAR,LIN001,ATENCIÓN INTEGRAL Y MULTIDISCIPLINARIA PARA VICTIMAS DE VIOLENCIA,SER001,CENTRO EMERGENCIA MUJER,80902,CUSCO,LA CONVENCIÓN,ECHARATE,CEM199,ECHARATI,1.0,134,1.0,133,46,83,5.0,,0.0,,,2.0,,,20.0,,,21.0,,,,,,38.0,,,29.0,,,,,,22.0,,,2.0,,,"1,072"
2014,ENE - DIC,10/01/2015,ENT001,PROGRAMA NACIONAL PARA LA PREVENCIÓN Y ERRADICACIÓN DE LA VIOLENCIA CONTRA LA MUJER E INTEGRANTES DEL GRUPO FAMILIAR,LIN001,ATENCIÓN INTEGRAL Y MULTIDISCIPLINARIA PARA VICTIMAS DE VIOLENCIA,SER001,CENTRO EMERGENCIA MUJER,150111,LIMA METROPOLITANA,LIMA,EL AGUSTINO,CEM032,EL AGUSTINO,1.0,343,104.0,239,59,241,43.0,,65.0,,,80.0,,,56.0,,,33.0,,,,,,53.0,,,27.0,,,,,,13.0,,,16.0,,,"11,078"
2014,ENE - DIC,10/01/2015,ENT001,PROGRAMA NACIONAL PARA LA PREVENCIÓN Y ERRADICACIÓN DE LA VIOLENCIA CONTRA LA MUJER E INTEGRANTES DEL GRUPO FAMILIAR,LIN001,ATENCIÓN INTEGRAL Y MULTIDISCIPLINARIA PARA VICTIMAS DE VIOLENCIA,SER001,CENTRO EMERGENCIA MUJER,220301,SAN MARTÍN,EL DORADO,SAN JOSÉ DE SISA,CEM190,EL DORADO,1.0,170,26.0,144,49,110,11.0,,9.0,,,20.0,,,24.0,,,22.0,,,,,,34.0,,,31.0,,,,,,22.0,,,8.0,,,"2,111"
2014,ENE - DIC,10/01/2015,ENT001,PROGRAMA NACIONAL PARA LA PREVENCIÓN Y ERRADICACIÓN DE LA VIOLENCIA CONTRA LA MUJER E INTEGRANTES DEL GRUPO FAMILIAR,LIN001,ATENCIÓN INTEGRAL Y MULTIDISCIPLINARIA PARA VICTIMAS DE VIOLENCIA,SER001,CENTRO EMERGENCIA MUJER,130102,LA LIBERTAD,TRUJILLO,EL PORVENIR,CEM198,EL PORVENIR,1.0,233,18.0,215,56,167,10.0,,7.0,,,17.0,,,14.0,,,51.0,,,,,,83.0,,,47.0,,,,,,12.0,,,2.0,,,"3,723"
2014,ENE - DIC,10/01/2015,ENT001,PROGRAMA NACIONAL PARA LA PREVENCIÓN Y ERRADICACIÓN DE LA VIOLENCIA CONTRA LA MUJER E INTEGRANTES DEL GRUPO FAMILIAR,LIN001,ATENCIÓN INTEGRAL Y MULTIDISCIPLINARIA PARA VICTIMAS DE VIOLENCIA,SER001,CENTRO EMERGENCIA MUJER,80801,CUSCO,ESPINAR,ESPINAR,CEM033,ESPINAR,1.0,154,16.0,138,57,83,14.0,,3.0,,,10.0,,,14.0,,,26.0,,,,,,45.0,,,39.0,,,,,,14.0,,,3.0,,,"3,794"
2014,ENE - DIC,10/01/2015,ENT001,PROGRAMA NACIONAL PARA LA PREVENCIÓN Y ERRADICACIÓN DE LA VIOLENCIA CONTRA LA MUJER E INTEGRANTES DEL GRUPO FAMILIAR,LIN001,ATENCIÓN INTEGRAL Y MULTIDISCIPLINARIA PARA VICTIMAS DE VIOLENCIA,SER001,CENTRO EMERGENCIA MUJER,140201,LAMBAYEQUE,FERREÑAFE,FERREÑAFE,CEM034,FERREÑAFE,1.0,146,15.0,131,107,33,6.0,,4.0,,,14.0,,,15.0,,,24.0,,,,,,43.0,,,30.0,,,,,,14.0,,,2.0,,,"3,374"
2014,ENE - DIC,10/01/2015,ENT001,PROGRAMA NACIONAL PARA LA PREVENCIÓN Y ERRADICACIÓN DE LA VIOLENCIA CONTRA LA MUJER E INTEGRANTES DEL GRUPO FAMILIAR,LIN001,ATENCIÓN INTEGRAL Y MULTIDISCIPLINARIA PARA VICTIMAS DE VIOLENCIA,SER001,CENTRO EMERGENCIA MUJER,180201,MOQUEGUA,GENERAL SÁNCHEZ CERRO,OMATE,CEM187,GENERAL SANCHEZ CERRO,1.0,64,8.0,56,48,10,6.0,,1.0,,,4.0,,,7.0,,,8.0,,,,,,20.0,,,6.0,,,,,,11.0,,,7.0,,,"1,882"
2014,ENE - DIC,10/01/2015,ENT001,PROGRAMA NACIONAL PARA LA PREVENCIÓN Y ERRADICACIÓN DE LA VIOLENCIA CONTRA LA MUJER E INTEGRANTES DEL GRUPO FAMILIAR,LIN001,ATENCIÓN INTEGRAL Y MULTIDISCIPLINARIA PARA VICTIMAS DE VIOLENCIA,SER001,CENTRO EMERGENCIA MUJER,131101,LA LIBERTAD,GRAN CHIMU,CASCAS,CEM174,GRAN CHIMU,1.0,40,12.0,28,16,18,6.0,,8.0,,,11.0,,,9.0,,,3.0,,,,,,4.0,,,5.0,,,,,,0.0,,,0.0,,,"3,130"
2014,ENE - DIC,10/01/2015,ENT001,PROGRAMA NACIONAL PARA LA PREVENCIÓN Y ERRADICACIÓN DE LA VIOLENCIA CONTRA LA MUJER E INTEGRANTES DEL GRUPO FAMILIAR,LIN001,ATENCIÓN INTEGRAL Y MULTIDISCIPLINARIA PARA VICTIMAS DE VIOLENCIA,SER001,CENTRO EMERGENCIA MUJER,150801,LIMA PROVINCIAS,HUAURA,HUACHO,CEM035,HUACHO,1.0,402,54.0,348,318,58,26.0,,16.0,,,51.0,,,48.0,,,66.0,,,,,,95.0,,,69.0,,,,,,39.0,,,18.0,,,"8,962"
2014,ENE - DIC,10/01/2015,ENT001,PROGRAMA NACIONAL PARA LA PREVENCIÓN Y ERRADICACIÓN DE LA VIOLENCIA CONTRA LA MUJER E INTEGRANTES DEL GRUPO FAMILIAR,LIN001,ATENCIÓN INTEGRAL Y MULTIDISCIPLINARIA PARA VICTIMAS DE VIOLENCIA,SER001,CENTRO EMERGENCIA MUJER,60701,CAJAMARCA,HUALGAYOC,BAMBAMARCA,CEM138,HUALGAYOC,1.0,130,10.0,120,78,50,2.0,,3.0,,,9.0,,,15.0,,,20.0,,,,,,37.0,,,26.0,,,,,,13.0,,,7.0,,,"3,146"
2014,ENE - DIC,10/01/2015,ENT001,PROGRAMA NACIONAL PARA LA PREVENCIÓN Y ERRADICACIÓN DE LA VIOLENCIA CONTRA LA MUJER E INTEGRANTES DEL GRUPO FAMILIAR,LIN001,ATENCIÓN INTEGRAL Y MULTIDISCIPLINARIA PARA VICTIMAS DE VIOLENCIA,SER001,CENTRO EMERGENCIA MUJER,130901,LA LIBERTAD,SÁNCHEZ CARRIÓN,HUAMACHUCO,CEM036,HUAMACHUCO,1.0,281,25.0,256,104,134,43.0,,6.0,,,13.0,,,33.0,,,76.0,,,,,,81.0,,,42.0,,,,,,27.0,,,3.0,,,"6,581"
2014,ENE - DIC,10/01/2015,ENT001,PROGRAMA NACIONAL PARA LA PREVENCIÓN Y ERRADICACIÓN DE LA VIOLENCIA CONTRA LA MUJER E INTEGRANTES DEL GRUPO FAMILIAR,LIN001,ATENCIÓN INTEGRAL Y MULTIDISCIPLINARIA PARA VICTIMAS DE VIOLENCIA,SER001,CENTRO EMERGENCIA MUJER,100501,HUÁNUCO,HUAMALÍES,LLATA,CEM126,HUAMALIES,1.0,175,22.0,153,73,86,16.0,,1.0,,,6.0,,,14.0,,,41.0,,,,,,43.0,,,39.0,,,,,,22.0,,,9.0,,,"3,853"
2014,ENE - DIC,10/01/2015,ENT001,PROGRAMA NACIONAL PARA LA PREVENCIÓN Y ERRADICACIÓN DE LA VIOLENCIA CONTRA LA MUJER E INTEGRANTES DEL GRUPO FAMILIAR,LIN001,ATENCIÓN INTEGRAL Y MULTIDISCIPLINARIA PARA VICTIMAS DE VIOLENCIA,SER001,CENTRO EMERGENCIA MUJER,50101,AYACUCHO,HUAMANGA,AYACUCHO,CEM007,HUAMANGA,1.0,401,24.0,377,206,174,21.0,,1.0,,,36.0,,,44.0,,,52.0,,,,,,116.0,,,81.0,,,,,,53.0,,,18.0,,,"6,890"
2014,ENE - DIC,10/01/2015,ENT001,PROGRAMA NACIONAL PARA LA PREVENCIÓN Y ERRADICACIÓN DE LA VIOLENCIA CONTRA LA MUJER E INTEGRANTES DEL GRUPO FAMILIAR,LIN001,ATENCIÓN INTEGRAL Y MULTIDISCIPLINARIA PARA VICTIMAS DE VIOLENCIA,SER001,CENTRO EMERGENCIA MUJER,200301,PIURA,HUANCABAMBA,HUANCABAMBA,CEM133,HUANCABAMBA,1.0,109,8.0,101,47,49,13.0,,3.0,,,7.0,,,13.0,,,17.0,,,,,,36.0,,,14.0,,,,,,15.0,,,4.0,,,"2,353"
2014,ENE - DIC,10/01/2015,ENT001,PROGRAMA NACIONAL PARA LA PREVENCIÓN Y ERRADICACIÓN DE LA VIOLENCIA CONTRA LA MUJER E INTEGRANTES DEL GRUPO FAMILIAR,LIN001,ATENCIÓN INTEGRAL Y MULTIDISCIPLINARIA PARA VICTIMAS DE VIOLENCIA,SER001,CENTRO EMERGENCIA MUJER,210601,PUNO,HUANCANÉ,HUANCANÉ,CEM158,HUANCANE,1.0,113,14.0,99,13,93,7.0,,2.0,,,6.0,,,18.0,,,9.0,,,,,,23.0,,,19.0,,,,,,25.0,,,11.0,,,"2,604"
2014,ENE - DIC,10/01/2015,ENT001,PROGRAMA NACIONAL PARA LA PREVENCIÓN Y ERRADICACIÓN DE LA VIOLENCIA CONTRA LA MUJER E INTEGRANTES DEL GRUPO FAMILIAR,LIN001,ATENCIÓN INTEGRAL Y MULTIDISCIPLINARIA PARA VICTIMAS DE VIOLENCIA,SER001,CENTRO EMERGENCIA MUJER,50301,AYACUCHO,HUANCA SANCOS,SANCOS,CEM037,HUANCASANCOS,1.0,91,8.0,83,54,29,8.0,,3.0,,,10.0,,,4.0,,,14.0,,,,,,24.0,,,13.0,,,,,,13.0,,,10.0,,,"3,397"
2014,ENE - DIC,10/01/2015,ENT001,PROGRAMA NACIONAL PARA LA PREVENCIÓN Y ERRADICACIÓN DE LA VIOLENCIA CONTRA LA MUJER E INTEGRANTES DEL GRUPO FAMILIAR,LIN001,ATENCIÓN INTEGRAL Y MULTIDISCIPLINARIA PARA VICTIMAS DE VIOLENCIA,SER001,CENTRO EMERGENCIA MUJER,90101,HUANCAVELICA,HUANCAVELICA,HUANCAVELICA,CEM038,HUANCAVELICA,1.0,263,35.0,228,82,143,38.0,,6.0,,,19.0,,,41.0,,,33.0,,,,,,62.0,,,57.0,,,,,,38.0,,,7.0,,,"8,721"
2014,ENE - DIC,10/01/2015,ENT001,PROGRAMA NACIONAL PARA LA PREVENCIÓN Y ERRADICACIÓN DE LA VIOLENCIA CONTRA LA MUJER E INTEGRANTES DEL GRUPO FAMILIAR,LIN001,ATENCIÓN INTEGRAL Y MULTIDISCIPLINARIA PARA VICTIMAS DE VIOLENCIA,SER001,CENTRO EMERGENCIA MUJER,120101,JUNÍN,HUANCAYO,HUANCAYO,CEM039,HUANCAYO,1.0,"1,034",134.0,900,582,340,112.0,,36.0,,,133.0,,,126.0,,,134.0,,,,,,241.0,,,178.0,,,,,,120.0,,,66.0,,,"14,969"
2014,ENE - DIC,10/01/2015,ENT001,PROGRAMA NACIONAL PARA LA PREVENCIÓN Y ERRADICACIÓN DE LA VIOLENCIA CONTRA LA MUJER E INTEGRANTES DEL GRUPO FAMILIAR,LIN001,ATENCIÓN INTEGRAL Y MULTIDISCIPLINARIA PARA VICTIMAS DE VIOLENCIA,SER001,CENTRO EMERGENCIA MUJER,50401,AYACUCHO,HUANTA,HUANTA,CEM040,HUANTA,1.0,226,13.0,213,82,121,23.0,,1.0,,,24.0,,,25.0,,,49.0,,,,,,56.0,,,40.0,,,,,,26.0,,,5.0,,,"17,685"
2014,ENE - DIC,10/01/2015,ENT001,PROGRAMA NACIONAL PARA LA PREVENCIÓN Y ERRADICACIÓN DE LA VIOLENCIA CONTRA LA MUJER E INTEGRANTES DEL GRUPO FAMILIAR,LIN001,ATENCIÓN INTEGRAL Y MULTIDISCIPLINARIA PARA VICTIMAS DE VIOLENCIA,SER001,CENTRO EMERGENCIA MUJER,100102,HUÁNUCO,HUÁNUCO,AMARILIS,CEM041,HUANUCO,1.0,244,22.0,222,142,65,37.0,,9.0,,,22.0,,,39.0,,,31.0,,,,,,66.0,,,41.0,,,,,,26.0,,,10.0,,,"6,980"
2014,ENE - DIC,10/01/2015,ENT001,PROGRAMA NACIONAL PARA LA PREVENCIÓN Y ERRADICACIÓN DE LA VIOLENCIA CONTRA LA MUJER E INTEGRANTES DEL GRUPO FAMILIAR,LIN001,ATENCIÓN INTEGRAL Y MULTIDISCIPLINARIA PARA VICTIMAS DE VIOLENCIA,SER001,CENTRO EMERGENCIA MUJER,150601,LIMA PROVINCIAS,HUARAL,HUARAL,CEM124,HUARAL,1.0,705,158.0,547,610,71,24.0,,65.0,,,155.0,,,107.0,,,63.0,,,,,,138.0,,,99.0,,,,,,44.0,,,34.0,,,"8,769"
2014,ENE - DIC,10/01/2015,ENT001,PROGRAMA NACIONAL PARA LA PREVENCIÓN Y ERRADICACIÓN DE LA VIOLENCIA CONTRA LA MUJER E INTEGRANTES DEL GRUPO FAMILIAR,LIN001,ATENCIÓN INTEGRAL Y MULTIDISCIPLINARIA PARA VICTIMAS DE VIOLENCIA,SER001,CENTRO EMERGENCIA MUJER,20101,ÁNCASH,HUARAZ,HUARAZ,CEM042,HUARAZ,1.0,196,30.0,166,67,104,25.0,,11.0,,,27.0,,,23.0,,,22.0,,,,,,47.0,,,31.0,,,,,,25.0,,,10.0,,,"4,509"
2014,ENE - DIC,10/01/2015,ENT001,PROGRAMA NACIONAL PARA LA PREVENCIÓN Y ERRADICACIÓN DE LA VIOLENCIA CONTRA LA MUJER E INTEGRANTES DEL GRUPO FAMILIAR,LIN001,ATENCIÓN INTEGRAL Y MULTIDISCIPLINARIA PARA VICTIMAS DE VIOLENCIA,SER001,CENTRO EMERGENCIA MUJER,21001,ÁNCASH,HUARI,HUARI,CEM130,HUARI,1.0,130,16.0,114,67,57,6.0,,9.0,,,14.0,,,21.0,,,21.0,,,,,,29.0,,,11.0,,,,,,16.0,,,9.0,,,"11,495"
2014,ENE - DIC,10/01/2015,ENT001,PROGRAMA NACIONAL PARA LA PREVENCIÓN Y ERRADICACIÓN DE LA VIOLENCIA CONTRA LA MUJER E INTEGRANTES DEL GRUPO FAMILIAR,LIN001,ATENCIÓN INTEGRAL Y MULTIDISCIPLINARIA PARA VICTIMAS DE VIOLENCIA,SER001,CENTRO EMERGENCIA MUJER,21101,ÁNCASH,HUARMEY,HUARMEY,CEM043,HUARMEY,1.0,209,30.0,179,103,94,12.0,,7.0,,,29.0,,,24.0,,,40.0,,,,,,48.0,,,35.0,,,,,,13.0,,,13.0,,,"3,610"
2014,ENE - DIC,10/01/2015,ENT001,PROGRAMA NACIONAL PARA LA PREVENCIÓN Y ERRADICACIÓN DE LA VIOLENCIA CONTRA LA MUJER E INTEGRANTES DEL GRUPO FAMILIAR,LIN001,ATENCIÓN INTEGRAL Y MULTIDISCIPLINARIA PARA VICTIMAS DE VIOLENCIA,SER001,CENTRO EMERGENCIA MUJER,150701,LIMA PROVINCIAS,HUAROCHIRÍ,MATUCANA,CEM044,HUAROCHIRI,1.0,192,45.0,147,76,76,40.0,,5.0,,,37.0,,,35.0,,,26.0,,,,,,42.0,,,22.0,,,,,,19.0,,,6.0,,,"3,233"
2014,ENE - DIC,10/01/2015,ENT001,PROGRAMA NACIONAL PARA LA PREVENCIÓN Y ERRADICACIÓN DE LA VIOLENCIA CONTRA LA MUJER E INTEGRANTES DEL GRUPO FAMILIAR,LIN001,ATENCIÓN INTEGRAL Y MULTIDISCIPLINARIA PARA VICTIMAS DE VIOLENCIA,SER001,CENTRO EMERGENCIA MUJER,150103,LIMA METROPOLITANA,LIMA,ATE,CEM045,HUAYCAN,1.0,409,54.0,355,141,176,92.0,,30.0,,,74.0,,,65.0,,,49.0,,,,,,86.0,,,63.0,,,,,,29.0,,,13.0,,,"5,901"
2014,ENE - DIC,10/01/2015,ENT001,PROGRAMA NACIONAL PARA LA PREVENCIÓN Y ERRADICACIÓN DE LA VIOLENCIA CONTRA LA MUJER E INTEGRANTES DEL GRUPO FAMILIAR,LIN001,ATENCIÓN INTEGRAL Y MULTIDISCIPLINARIA PARA VICTIMAS DE VIOLENCIA,SER001,CENTRO EMERGENCIA MUJER,21201,ÁNCASH,HUAYLAS,CARAZ,CEM159,HUAYLAS,1.0,184,33.0,151,77,80,27.0,,12.0,,,35.0,,,48.0,,,16.0,,,,,,34.0,,,20.0,,,,,,9.0,,,10.0,,,"3,781"
2014,ENE - DIC,10/01/2015,ENT001,PROGRAMA NACIONAL PARA LA PREVENCIÓN Y ERRADICACIÓN DE LA VIOLENCIA CONTRA LA MUJER E INTEGRANTES DEL GRUPO FAMILIAR,LIN001,ATENCIÓN INTEGRAL Y MULTIDISCIPLINARIA PARA VICTIMAS DE VIOLENCIA,SER001,CENTRO EMERGENCIA MUJER,90601,HUANCAVELICA,HUAYTARA,HUAYTARA,CEM160,HUAYTARA,1.0,98,17.0,81,64,28,6.0,,9.0,,,10.0,,,10.0,,,13.0,,,,,,14.0,,,16.0,,,,,,13.0,,,13.0,,,"2,554"
2014,ENE - DIC,10/01/2015,ENT001,PROGRAMA NACIONAL PARA LA PREVENCIÓN Y ERRADICACIÓN DE LA VIOLENCIA CONTRA LA MUJER E INTEGRANTES DEL GRUPO FAMILIAR,LIN001,ATENCIÓN INTEGRAL Y MULTIDISCIPLINARIA PARA VICTIMAS DE VIOLENCIA,SER001,CENTRO EMERGENCIA MUJER,170204,MADRE DE DIOS,MANU,HUEPETUHE,CEM046,HUEPETUHE,1.0,63,3.0,60,47,11,5.0,,0.0,,,7.0,,,2.0,,,17.0,,,,,,22.0,,,14.0,,,,,,1.0,,,0.0,,,"6,109"
2014,ENE - DIC,10/01/2015,ENT001,PROGRAMA NACIONAL PARA LA PREVENCIÓN Y ERRADICACIÓN DE LA VIOLENCIA CONTRA LA MUJER E INTEGRANTES DEL GRUPO FAMILIAR,LIN001,ATENCIÓN INTEGRAL Y MULTIDISCIPLINARIA PARA VICTIMAS DE VIOLENCIA,SER001,CENTRO EMERGENCIA MUJER,170302,MADRE DE DIOS,TAHUAMANU,IBERIA,CEM047,IBERIA,1.0,73,11.0,62,29,34,10.0,,4.0,,,7.0,,,13.0,,,15.0,,,,,,15.0,,,9.0,,,,,,7.0,,,3.0,,,"2,520"
2014,ENE - DIC,10/01/2015,ENT001,PROGRAMA NACIONAL PARA LA PREVENCIÓN Y ERRADICACIÓN DE LA VIOLENCIA CONTRA LA MUJER E INTEGRANTES DEL GRUPO FAMILIAR,LIN001,ATENCIÓN INTEGRAL Y MULTIDISCIPLINARIA PARA VICTIMAS DE VIOLENCIA,SER001,CENTRO EMERGENCIA MUJER,110101,ICA,ICA,ICA,CEM048,ICA,1.0,310,47.0,263,159,112,39.0,,10.0,,,58.0,,,40.0,,,40.0,,,,,,57.0,,,52.0,,,,,,35.0,,,18.0,,,"9,628"
2014,ENE - DIC,10/01/2015,ENT001,PROGRAMA NACIONAL PARA LA PREVENCIÓN Y ERRADICACIÓN DE LA VIOLENCIA CONTRA LA MUJER E INTEGRANTES DEL GRUPO FAMILIAR,LIN001,ATENCIÓN INTEGRAL Y MULTIDISCIPLINARIA PARA VICTIMAS DE VIOLENCIA,SER001,CENTRO EMERGENCIA MUJER,210501,PUNO,EL COLLAO,ILAVE,CEM049,ILAVE,1.0,129,8.0,121,63,61,5.0,,0.0,,,3.0,,,10.0,,,44.0,,,,,,36.0,,,19.0,,,,,,10.0,,,7.0,,,"6,907"
2014,ENE - DIC,10/01/2015,ENT001,PROGRAMA NACIONAL PARA LA PREVENCIÓN Y ERRADICACIÓN DE LA VIOLENCIA CONTRA LA MUJER E INTEGRANTES DEL GRUPO FAMILIAR,LIN001,ATENCIÓN INTEGRAL Y MULTIDISCIPLINARIA PARA VICTIMAS DE VIOLENCIA,SER001,CENTRO EMERGENCIA MUJER,180301,MOQUEGUA,ILO,ILO,CEM131,ILO,1.0,303,50.0,253,205,73,25.0,,17.0,,,57.0,,,33.0,,,34.0,,,,,,70.0,,,60.0,,,,,,25.0,,,7.0,,,"9,363"
2014,ENE - DIC,10/01/2015,ENT001,PROGRAMA NACIONAL PARA LA PREVENCIÓN Y ERRADICACIÓN DE LA VIOLENCIA CONTRA LA MUJER E INTEGRANTES DEL GRUPO FAMILIAR,LIN001,ATENCIÓN INTEGRAL Y MULTIDISCIPLINARIA PARA VICTIMAS DE VIOLENCIA,SER001,CENTRO EMERGENCIA MUJER,150507,LIMA PROVINCIAS,CAÑETE,IMPERIAL,CEM013,IMPERIAL,1.0,473,98.0,375,367,61,45.0,,48.0,,,82.0,,,75.0,,,35.0,,,,,,93.0,,,78.0,,,,,,27.0,,,35.0,,,"8,398"
2014,ENE - DIC,10/01/2015,ENT001,PROGRAMA NACIONAL PARA LA PREVENCIÓN Y ERRADICACIÓN DE LA VIOLENCIA CONTRA LA MUJER E INTEGRANTES DEL GRUPO FAMILIAR,LIN001,ATENCIÓN INTEGRAL Y MULTIDISCIPLINARIA PARA VICTIMAS DE VIOLENCIA,SER001,CENTRO EMERGENCIA MUJER,150112,LIMA METROPOLITANA,LIMA,INDEPENDENCIA                                           ,CEM050,INDEPENDENCIA,1.0,255,80.0,175,84,103,68.0,,40.0,,,63.0,,,51.0,,,22.0,,,,,,36.0,,,21.0,,,,,,13.0,,,9.0,,,"5,986"
2014,ENE - DIC,10/01/2015,ENT001,PROGRAMA NACIONAL PARA LA PREVENCIÓN Y ERRADICACIÓN DE LA VIOLENCIA CONTRA LA MUJER E INTEGRANTES DEL GRUPO FAMILIAR,LIN001,ATENCIÓN INTEGRAL Y MULTIDISCIPLINARIA PARA VICTIMAS DE VIOLENCIA,SER001,CENTRO EMERGENCIA MUJER,160108,LORETO,MAYNAS,PUNCHANA,CEM051,IQUITOS,1.0,531,52.0,479,303,153,75.0,,28.0,,,59.0,,,86.0,,,70.0,,,,,,112.0,,,98.0,,,,,,59.0,,,19.0,,,"8,814"
2014,ENE - DIC,10/01/2015,ENT001,PROGRAMA NACIONAL PARA LA PREVENCIÓN Y ERRADICACIÓN DE LA VIOLENCIA CONTRA LA MUJER E INTEGRANTES DEL GRUPO FAMILIAR,LIN001,ATENCIÓN INTEGRAL Y MULTIDISCIPLINARIA PARA VICTIMAS DE VIOLENCIA,SER001,CENTRO EMERGENCIA MUJER,40701,AREQUIPA,ISLAY,MOLLENDO,CEM140,ISLAY,1.0,110,7.0,103,81,23,6.0,,1.0,,,3.0,,,10.0,,,16.0,,,,,,33.0,,,24.0,,,,,,16.0,,,7.0,,,"2,082"
2014,ENE - DIC,10/01/2015,ENT001,PROGRAMA NACIONAL PARA LA PREVENCIÓN Y ERRADICACIÓN DE LA VIOLENCIA CONTRA LA MUJER E INTEGRANTES DEL GRUPO FAMILIAR,LIN001,ATENCIÓN INTEGRAL Y MULTIDISCIPLINARIA PARA VICTIMAS DE VIOLENCIA,SER001,CENTRO EMERGENCIA MUJER,60801,CAJAMARCA,JAÉN,JAÉN,CEM052,JAEN,1.0,252,10.0,242,178,54,20.0,,2.0,,,11.0,,,22.0,,,50.0,,,,,,93.0,,,43.0,,,,,,23.0,,,8.0,,,"4,421"
2014,ENE - DIC,10/01/2015,ENT001,PROGRAMA NACIONAL PARA LA PREVENCIÓN Y ERRADICACIÓN DE LA VIOLENCIA CONTRA LA MUJER E INTEGRANTES DEL GRUPO FAMILIAR,LIN001,ATENCIÓN INTEGRAL Y MULTIDISCIPLINARIA PARA VICTIMAS DE VIOLENCIA,SER001,CENTRO EMERGENCIA MUJER,120401,JUNÍN,JAUJA,JAUJA,CEM053,JAUJA,1.0,525,113.0,412,216,281,28.0,,44.0,,,98.0,,,90.0,,,57.0,,,,,,69.0,,,71.0,,,,,,46.0,,,50.0,,,"18,992"
2014,ENE - DIC,10/01/2015,ENT001,PROGRAMA NACIONAL PARA LA PREVENCIÓN Y ERRADICACIÓN DE LA VIOLENCIA CONTRA LA MUJER E INTEGRANTES DEL GRUPO FAMILIAR,LIN001,ATENCIÓN INTEGRAL Y MULTIDISCIPLINARIA PARA VICTIMAS DE VIOLENCIA,SER001,CENTRO EMERGENCIA MUJER,230301,TACNA,JORGE BASADRE,LOCUMBA,CEM169,JORGE BASADRE,1.0,48,7.0,41,28,16,4.0,,0.0,,,4.0,,,14.0,,,7.0,,,,,,10.0,,,6.0,,,,,,6.0,,,1.0,,,"2,217"
2014,ENE - DIC,10/01/2015,ENT001,PROGRAMA NACIONAL PARA LA PREVENCIÓN Y ERRADICACIÓN DE LA VIOLENCIA CONTRA LA MUJER E INTEGRANTES DEL GRUPO FAMILIAR,LIN001,ATENCIÓN INTEGRAL Y MULTIDISCIPLINARIA PARA VICTIMAS DE VIOLENCIA,SER001,CENTRO EMERGENCIA MUJER,130501,LA LIBERTAD,JULCÁN,JULCÁN,CEM189,JULCÁN,1.0,75,10.0,65,33,36,6.0,,6.0,,,8.0,,,12.0,,,13.0,,,,,,11.0,,,18.0,,,,,,2.0,,,5.0,,,"2,283"
2014,ENE - DIC,10/01/2015,ENT001,PROGRAMA NACIONAL PARA LA PREVENCIÓN Y ERRADICACIÓN DE LA VIOLENCIA CONTRA LA MUJER E INTEGRANTES DEL GRUPO FAMILIAR,LIN001,ATENCIÓN INTEGRAL Y MULTIDISCIPLINARIA PARA VICTIMAS DE VIOLENCIA,SER001,CENTRO EMERGENCIA MUJER,211101,PUNO,SAN ROMÁN,JULIACA,CEM054,JULIACA,1.0,349,10.0,339,135,211,3.0,,0.0,,,4.0,,,13.0,,,62.0,,,,,,110.0,,,107.0,,,,,,42.0,,,11.0,,,"5,106"
2014,ENE - DIC,10/01/2015,ENT001,PROGRAMA NACIONAL PARA LA PREVENCIÓN Y ERRADICACIÓN DE LA VIOLENCIA CONTRA LA MUJER E INTEGRANTES DEL GRUPO FAMILIAR,LIN001,ATENCIÓN INTEGRAL Y MULTIDISCIPLINARIA PARA VICTIMAS DE VIOLENCIA,SER001,CENTRO EMERGENCIA MUJER,120501,JUNÍN,JUNÍN,JUNÍN,CEM154,JUNIN,1.0,264,39.0,225,100,142,22.0,,19.0,,,36.0,,,47.0,,,42.0,,,,,,43.0,,,31.0,,,,,,22.0,,,24.0,,,"7,769"
2014,ENE - DIC,10/01/2015,ENT001,PROGRAMA NACIONAL PARA LA PREVENCIÓN Y ERRADICACIÓN DE LA VIOLENCIA CONTRA LA MUJER E INTEGRANTES DEL GRUPO FAMILIAR,LIN001,ATENCIÓN INTEGRAL Y MULTIDISCIPLINARIA PARA VICTIMAS DE VIOLENCIA,SER001,CENTRO EMERGENCIA MUJER,80907,CUSCO,LA CONVENCIÓN,KIMBIRI,CEM055,KIMBIRI,1.0,162,7.0,155,107,33,22.0,,7.0,,,8.0,,,17.0,,,38.0,,,,,,43.0,,,33.0,,,,,,12.0,,,4.0,,,"5,712"
2014,ENE - DIC,10/01/2015,ENT001,PROGRAMA NACIONAL PARA LA PREVENCIÓN Y ERRADICACIÓN DE LA VIOLENCIA CONTRA LA MUJER E INTEGRANTES DEL GRUPO FAMILIAR,LIN001,ATENCIÓN INTEGRAL Y MULTIDISCIPLINARIA PARA VICTIMAS DE VIOLENCIA,SER001,CENTRO EMERGENCIA MUJER,130105,LA LIBERTAD,TRUJILLO,LA ESPERANZA,CEM056,LA ESPERANZA,1.0,418,74.0,344,175,217,26.0,,52.0,,,67.0,,,37.0,,,57.0,,,,,,96.0,,,68.0,,,,,,29.0,,,12.0,,,"11,370"
2014,ENE - DIC,10/01/2015,ENT001,PROGRAMA NACIONAL PARA LA PREVENCIÓN Y ERRADICACIÓN DE LA VIOLENCIA CONTRA LA MUJER E INTEGRANTES DEL GRUPO FAMILIAR,LIN001,ATENCIÓN INTEGRAL Y MULTIDISCIPLINARIA PARA VICTIMAS DE VIOLENCIA,SER001,CENTRO EMERGENCIA MUJER,50501,AYACUCHO,LA MAR,SAN MIGUEL,CEM057,LA MAR,1.0,79,4.0,75,27,35,17.0,,1.0,,,2.0,,,16.0,,,23.0,,,,,,17.0,,,7.0,,,,,,9.0,,,4.0,,,"3,407"
2014,ENE - DIC,10/01/2015,ENT001,PROGRAMA NACIONAL PARA LA PREVENCIÓN Y ERRADICACIÓN DE LA VIOLENCIA CONTRA LA MUJER E INTEGRANTES DEL GRUPO FAMILIAR,LIN001,ATENCIÓN INTEGRAL Y MULTIDISCIPLINARIA PARA VICTIMAS DE VIOLENCIA,SER001,CENTRO EMERGENCIA MUJER,150114,LIMA METROPOLITANA,LIMA,LA MOLINA,CEM087,LA MOLINA,1.0,568,90.0,478,324,156,88.0,,39.0,,,113.0,,,102.0,,,57.0,,,,,,106.0,,,73.0,,,,,,55.0,,,23.0,,,"12,756"
2014,ENE - DIC,10/01/2015,ENT001,PROGRAMA NACIONAL PARA LA PREVENCIÓN Y ERRADICACIÓN DE LA VIOLENCIA CONTRA LA MUJER E INTEGRANTES DEL GRUPO FAMILIAR,LIN001,ATENCIÓN INTEGRAL Y MULTIDISCIPLINARIA PARA VICTIMAS DE VIOLENCIA,SER001,CENTRO EMERGENCIA MUJER,110102,ICA,ICA,LA TINGUIÑA,CEM176,LA TINGUIÑA,1.0,440,119.0,321,212,174,54.0,,47.0,,,82.0,,,120.0,,,62.0,,,,,,58.0,,,34.0,,,,,,26.0,,,11.0,,,"18,689"
2014,ENE - DIC,10/01/2015,ENT001,PROGRAMA NACIONAL PARA LA PREVENCIÓN Y ERRADICACIÓN DE LA VIOLENCIA CONTRA LA MUJER E INTEGRANTES DEL GRUPO FAMILIAR,LIN001,ATENCIÓN INTEGRAL Y MULTIDISCIPLINARIA PARA VICTIMAS DE VIOLENCIA,SER001,CENTRO EMERGENCIA MUJER,220501,SAN MARTÍN,LAMAS,LAMAS,CEM125,LAMAS,1.0,88,20.0,68,43,41,4.0,,6.0,,,17.0,,,12.0,,,7.0,,,,,,21.0,,,15.0,,,,,,5.0,,,5.0,,,"4,219"
2014,ENE - DIC,10/01/2015,ENT001,PROGRAMA NACIONAL PARA LA PREVENCIÓN Y ERRADICACIÓN DE LA VIOLENCIA CONTRA LA MUJER E INTEGRANTES DEL GRUPO FAMILIAR,LIN001,ATENCIÓN INTEGRAL Y MULTIDISCIPLINARIA PARA VICTIMAS DE VIOLENCIA,SER001,CENTRO EMERGENCIA MUJER,140301,LAMBAYEQUE,LAMBAYEQUE,LAMBAYEQUE,CEM059,LAMBAYEQUE,1.0,181,24.0,157,111,60,10.0,,4.0,,,21.0,,,9.0,,,27.0,,,,,,41.0,,,50.0,,,,,,20.0,,,9.0,,,"8,669"
2014,ENE - DIC,10/01/2015,ENT001,PROGRAMA NACIONAL PARA LA PREVENCIÓN Y ERRADICACIÓN DE LA VIOLENCIA CONTRA LA MUJER E INTEGRANTES DEL GRUPO FAMILIAR,LIN001,ATENCIÓN INTEGRAL Y MULTIDISCIPLINARIA PARA VICTIMAS DE VIOLENCIA,SER001,CENTRO EMERGENCIA MUJER,210701,PUNO,LAMPA,LAMPA,CEM161,LAMPA,1.0,200,28.0,172,107,90,3.0,,8.0,,,21.0,,,20.0,,,38.0,,,,,,34.0,,,47.0,,,,,,24.0,,,8.0,,,"4,022"
2014,ENE - DIC,10/01/2015,ENT001,PROGRAMA NACIONAL PARA LA PREVENCIÓN Y ERRADICACIÓN DE LA VIOLENCIA CONTRA LA MUJER E INTEGRANTES DEL GRUPO FAMILIAR,LIN001,ATENCIÓN INTEGRAL Y MULTIDISCIPLINARIA PARA VICTIMAS DE VIOLENCIA,SER001,CENTRO EMERGENCIA MUJER,101001,HUÁNUCO,LAURICOCHA,JESÚS,CEM184,LAURICOCHA,1.0,113,6.0,107,65,32,16.0,,3.0,,,4.0,,,21.0,,,14.0,,,,,,26.0,,,18.0,,,,,,21.0,,,6.0,,,"4,926"
2014,ENE - DIC,10/01/2015,ENT001,PROGRAMA NACIONAL PARA LA PREVENCIÓN Y ERRADICACIÓN DE LA VIOLENCIA CONTRA LA MUJER E INTEGRANTES DEL GRUPO FAMILIAR,LIN001,ATENCIÓN INTEGRAL Y MULTIDISCIPLINARIA PARA VICTIMAS DE VIOLENCIA,SER001,CENTRO EMERGENCIA MUJER,150101,LIMA METROPOLITANA,LIMA,LIMA,CEM060,LIMA,1.0,844,127.0,717,479,235,130.0,,54.0,,,122.0,,,105.0,,,104.0,,,,,,185.0,,,129.0,,,,,,95.0,,,50.0,,,"17,180"
2014,ENE - DIC,10/01/2015,ENT001,PROGRAMA NACIONAL PARA LA PREVENCIÓN Y ERRADICACIÓN DE LA VIOLENCIA CONTRA LA MUJER E INTEGRANTES DEL GRUPO FAMILIAR,LIN001,ATENCIÓN INTEGRAL Y MULTIDISCIPLINARIA PARA VICTIMAS DE VIOLENCIA,SER001,CENTRO EMERGENCIA MUJER,150117,LIMA METROPOLITANA,LIMA,LOS OLIVOS,CEM061,LOS OLIVOS,1.0,575,98.0,477,316,190,69.0,,35.0,,,86.0,,,114.0,,,62.0,,,,,,114.0,,,85.0,,,,,,53.0,,,26.0,,,"4,998"
2014,ENE - DIC,10/01/2015,ENT001,PROGRAMA NACIONAL PARA LA PREVENCIÓN Y ERRADICACIÓN DE LA VIOLENCIA CONTRA LA MUJER E INTEGRANTES DEL GRUPO FAMILIAR,LIN001,ATENCIÓN INTEGRAL Y MULTIDISCIPLINARIA PARA VICTIMAS DE VIOLENCIA,SER001,CENTRO EMERGENCIA MUJER,50601,AYACUCHO,LUCANAS,PUQUIO,CEM062,LUCANAS,1.0,209,29.0,180,128,51,30.0,,0.0,,,31.0,,,44.0,,,32.0,,,,,,38.0,,,29.0,,,,,,24.0,,,11.0,,,"7,123"
2014,ENE - DIC,10/01/2015,ENT001,PROGRAMA NACIONAL PARA LA PREVENCIÓN Y ERRADICACIÓN DE LA VIOLENCIA CONTRA LA MUJER E INTEGRANTES DEL GRUPO FAMILIAR,LIN001,ATENCIÓN INTEGRAL Y MULTIDISCIPLINARIA PARA VICTIMAS DE VIOLENCIA,SER001,CENTRO EMERGENCIA MUJER,10501,AMAZONAS,LUYA,LAMUD,CEM121,LUYA,1.0,76,6.0,70,37,27,12.0,,0.0,,,10.0,,,10.0,,,13.0,,,,,,19.0,,,11.0,,,,,,9.0,,,4.0,,,"1,342"
2014,ENE - DIC,10/01/2015,ENT001,PROGRAMA NACIONAL PARA LA PREVENCIÓN Y ERRADICACIÓN DE LA VIOLENCIA CONTRA LA MUJER E INTEGRANTES DEL GRUPO FAMILIAR,LIN001,ATENCIÓN INTEGRAL Y MULTIDISCIPLINARIA PARA VICTIMAS DE VIOLENCIA,SER001,CENTRO EMERGENCIA MUJER,170101,MADRE DE DIOS,TAMBOPATA,TAMBOPATA,CEM063,MADRE DE DIOS,1.0,176,20.0,156,104,43,29.0,,7.0,,,21.0,,,27.0,,,32.0,,,,,,43.0,,,35.0,,,,,,9.0,,,2.0,,,"3,127"
2014,ENE - DIC,10/01/2015,ENT001,PROGRAMA NACIONAL PARA LA PREVENCIÓN Y ERRADICACIÓN DE LA VIOLENCIA CONTRA LA MUJER E INTEGRANTES DEL GRUPO FAMILIAR,LIN001,ATENCIÓN INTEGRAL Y MULTIDISCIPLINARIA PARA VICTIMAS DE VIOLENCIA,SER001,CENTRO EMERGENCIA MUJER,150123,LIMA METROPOLITANA,LIMA,PACHACAMAC,CEM064,MANCHAY,1.0,390,89.0,301,250,80,60.0,,45.0,,,87.0,,,82.0,,,31.0,,,,,,78.0,,,46.0,,,,,,19.0,,,2.0,,,"14,511"
2014,ENE - DIC,10/01/2015,ENT001,PROGRAMA NACIONAL PARA LA PREVENCIÓN Y ERRADICACIÓN DE LA VIOLENCIA CONTRA LA MUJER E INTEGRANTES DEL GRUPO FAMILIAR,LIN001,ATENCIÓN INTEGRAL Y MULTIDISCIPLINARIA PARA VICTIMAS DE VIOLENCIA,SER001,CENTRO EMERGENCIA MUJER,220601,SAN MARTÍN,MARISCAL CÁCERES,JUANJUI,CEM166,MARISCAL CÁCERES,1.0,139,9.0,130,53,65,21.0,,1.0,,,14.0,,,14.0,,,36.0,,,,,,31.0,,,27.0,,,,,,13.0,,,3.0,,,"1,920"
2014,ENE - DIC,10/01/2015,ENT001,PROGRAMA NACIONAL PARA LA PREVENCIÓN Y ERRADICACIÓN DE LA VIOLENCIA CONTRA LA MUJER E INTEGRANTES DEL GRUPO FAMILIAR,LIN001,ATENCIÓN INTEGRAL Y MULTIDISCIPLINARIA PARA VICTIMAS DE VIOLENCIA,SER001,CENTRO EMERGENCIA MUJER,21301,ÁNCASH,MARISCAL LUZURIAGA,PISCOBAMBA,CEM200,MARISCAL LUZURIAGA,1.0,135,28.0,107,69,56,10.0,,14.0,,,18.0,,,21.0,,,18.0,,,,,,24.0,,,21.0,,,,,,16.0,,,3.0,,,"1,396"
2014,ENE - DIC,10/01/2015,ENT001,PROGRAMA NACIONAL PARA LA PREVENCIÓN Y ERRADICACIÓN DE LA VIOLENCIA CONTRA LA MUJER E INTEGRANTES DEL GRUPO FAMILIAR,LIN001,ATENCIÓN INTEGRAL Y MULTIDISCIPLINARIA PARA VICTIMAS DE VIOLENCIA,SER001,CENTRO EMERGENCIA MUJER,210801,PUNO,MELGAR,AYAVIRI,CEM065,MELGAR,1.0,113,8.0,105,39,72,2.0,,1.0,,,4.0,,,8.0,,,14.0,,,,,,31.0,,,37.0,,,,,,15.0,,,3.0,,,"3,689"
2014,ENE - DIC,10/01/2015,ENT001,PROGRAMA NACIONAL PARA LA PREVENCIÓN Y ERRADICACIÓN DE LA VIOLENCIA CONTRA LA MUJER E INTEGRANTES DEL GRUPO FAMILIAR,LIN001,ATENCIÓN INTEGRAL Y MULTIDISCIPLINARIA PARA VICTIMAS DE VIOLENCIA,SER001,CENTRO EMERGENCIA MUJER,40110,AREQUIPA,AREQUIPA,MIRAFLORES,CEM066,MIRAFLORES,1.0,918,115.0,803,576,243,99.0,,53.0,,,94.0,,,126.0,,,124.0,,,,,,202.0,,,185.0,,,,,,90.0,,,44.0,,,"14,179"
2014,ENE - DIC,10/01/2015,ENT001,PROGRAMA NACIONAL PARA LA PREVENCIÓN Y ERRADICACIÓN DE LA VIOLENCIA CONTRA LA MUJER E INTEGRANTES DEL GRUPO FAMILIAR,LIN001,ATENCIÓN INTEGRAL Y MULTIDISCIPLINARIA PARA VICTIMAS DE VIOLENCIA,SER001,CENTRO EMERGENCIA MUJER,180101,MOQUEGUA,MARISCAL NIETO,MOQUEGUA,CEM067,MOQUEGUA,1.0,287,9.0,278,224,60,3.0,,0.0,,,5.0,,,3.0,,,37.0,,,,,,100.0,,,88.0,,,,,,45.0,,,9.0,,,"8,919"
2014,ENE - DIC,10/01/2015,ENT001,PROGRAMA NACIONAL PARA LA PREVENCIÓN Y ERRADICACIÓN DE LA VIOLENCIA CONTRA LA MUJER E INTEGRANTES DEL GRUPO FAMILIAR,LIN001,ATENCIÓN INTEGRAL Y MULTIDISCIPLINARIA PARA VICTIMAS DE VIOLENCIA,SER001,CENTRO EMERGENCIA MUJER,220101,SAN MARTÍN,MOYOBAMBA,MOYOBAMBA,CEM068,MOYOBAMBA,1.0,211,25.0,186,126,52,33.0,,1.0,,,24.0,,,35.0,,,45.0,,,,,,52.0,,,35.0,,,,,,12.0,,,7.0,,,"5,369"
2014,ENE - DIC,10/01/2015,ENT001,PROGRAMA NACIONAL PARA LA PREVENCIÓN Y ERRADICACIÓN DE LA VIOLENCIA CONTRA LA MUJER E INTEGRANTES DEL GRUPO FAMILIAR,LIN001,ATENCIÓN INTEGRAL Y MULTIDISCIPLINARIA PARA VICTIMAS DE VIOLENCIA,SER001,CENTRO EMERGENCIA MUJER,160301,LORETO,LORETO                                                  ,NAUTA                                                   ,CEM070,NAUTA,1.0,79,8.0,71,33,40,6.0,,4.0,,,13.0,,,9.0,,,15.0,,,,,,19.0,,,10.0,,,,,,9.0,,,0.0,,,"1,590"
2014,ENE - DIC,10/01/2015,ENT001,PROGRAMA NACIONAL PARA LA PREVENCIÓN Y ERRADICACIÓN DE LA VIOLENCIA CONTRA LA MUJER E INTEGRANTES DEL GRUPO FAMILIAR,LIN001,ATENCIÓN INTEGRAL Y MULTIDISCIPLINARIA PARA VICTIMAS DE VIOLENCIA,SER001,CENTRO EMERGENCIA MUJER,110301,ICA,NASCA,NASCA,CEM069,NASCA,1.0,326,66.0,260,133,162,31.0,,30.0,,,49.0,,,62.0,,,47.0,,,,,,71.0,,,41.0,,,,,,17.0,,,9.0,,,"6,577"
2014,ENE - DIC,10/01/2015,ENT001,PROGRAMA NACIONAL PARA LA PREVENCIÓN Y ERRADICACIÓN DE LA VIOLENCIA CONTRA LA MUJER E INTEGRANTES DEL GRUPO FAMILIAR,LIN001,ATENCIÓN INTEGRAL Y MULTIDISCIPLINARIA PARA VICTIMAS DE VIOLENCIA,SER001,CENTRO EMERGENCIA MUJER,21809,ÁNCASH,SANTA,NUEVO CHIMBOTE                                          ,CEM071,NUEVO CHIMBOTE,1.0,341,39.0,302,182,151,8.0,,10.0,,,41.0,,,39.0,,,38.0,,,,,,90.0,,,82.0,,,,,,36.0,,,5.0,,,"13,944"
2014,ENE - DIC,10/01/2015,ENT001,PROGRAMA NACIONAL PARA LA PREVENCIÓN Y ERRADICACIÓN DE LA VIOLENCIA CONTRA LA MUJER E INTEGRANTES DEL GRUPO FAMILIAR,LIN001,ATENCIÓN INTEGRAL Y MULTIDISCIPLINARIA PARA VICTIMAS DE VIOLENCIA,SER001,CENTRO EMERGENCIA MUJER,110104,ICA,ICA,OCUCAJE,CEM175,OCUCAJE,1.0,94,27.0,67,43,42,9.0,,9.0,,,32.0,,,18.0,,,9.0,,,,,,11.0,,,8.0,,,,,,4.0,,,3.0,,,"4,129"
2014,ENE - DIC,10/01/2015,ENT001,PROGRAMA NACIONAL PARA LA PREVENCIÓN Y ERRADICACIÓN DE LA VIOLENCIA CONTRA LA MUJER E INTEGRANTES DEL GRUPO FAMILIAR,LIN001,ATENCIÓN INTEGRAL Y MULTIDISCIPLINARIA PARA VICTIMAS DE VIOLENCIA,SER001,CENTRO EMERGENCIA MUJER,130601,LA LIBERTAD,OTUZCO,OTUZCO,CEM072,OTUZCO,1.0,100,15.0,85,43,38,19.0,,6.0,,,18.0,,,17.0,,,22.0,,,,,,20.0,,,12.0,,,,,,3.0,,,2.0,,,"3,355"
2014,ENE - DIC,10/01/2015,ENT001,PROGRAMA NACIONAL PARA LA PREVENCIÓN Y ERRADICACIÓN DE LA VIOLENCIA CONTRA LA MUJER E INTEGRANTES DEL GRUPO FAMILIAR,LIN001,ATENCIÓN INTEGRAL Y MULTIDISCIPLINARIA PARA VICTIMAS DE VIOLENCIA,SER001,CENTRO EMERGENCIA MUJER,190301,PASCO,OXAPAMPA,OXAPAMPA,CEM073,OXAPAMPA,1.0,103,6.0,97,31,63,9.0,,1.0,,,2.0,,,7.0,,,20.0,,,,,,36.0,,,23.0,,,,,,11.0,,,3.0,,,"2,426"
2014,ENE - DIC,10/01/2015,ENT001,PROGRAMA NACIONAL PARA LA PREVENCIÓN Y ERRADICACIÓN DE LA VIOLENCIA CONTRA LA MUJER E INTEGRANTES DEL GRUPO FAMILIAR,LIN001,ATENCIÓN INTEGRAL Y MULTIDISCIPLINARIA PARA VICTIMAS DE VIOLENCIA,SER001,CENTRO EMERGENCIA MUJER,130701,LA LIBERTAD,PACASMAYO,SAN PEDRO DE LLOC,CEM118,PACASMAYO,1.0,259,56.0,203,158,76,25.0,,12.0,,,44.0,,,44.0,,,27.0,,,,,,49.0,,,38.0,,,,,,17.0,,,28.0,,,"9,547"
2014,ENE - DIC,10/01/2015,ENT001,PROGRAMA NACIONAL PARA LA PREVENCIÓN Y ERRADICACIÓN DE LA VIOLENCIA CONTRA LA MUJER E INTEGRANTES DEL GRUPO FAMILIAR,LIN001,ATENCIÓN INTEGRAL Y MULTIDISCIPLINARIA PARA VICTIMAS DE VIOLENCIA,SER001,CENTRO EMERGENCIA MUJER,70106,CALLAO,CALLAO,VENTANILLA,CEM074,PACHACUTEC,1.0,324,63.0,261,194,78,52.0,,16.0,,,87.0,,,79.0,,,30.0,,,,,,51.0,,,41.0,,,,,,18.0,,,2.0,,,"5,864"
2014,ENE - DIC,10/01/2015,ENT001,PROGRAMA NACIONAL PARA LA PREVENCIÓN Y ERRADICACIÓN DE LA VIOLENCIA CONTRA LA MUJER E INTEGRANTES DEL GRUPO FAMILIAR,LIN001,ATENCIÓN INTEGRAL Y MULTIDISCIPLINARIA PARA VICTIMAS DE VIOLENCIA,SER001,CENTRO EMERGENCIA MUJER,100801,HUÁNUCO,PACHITEA,PANAO,CEM134,PACHITEA,1.0,93,1.0,92,29,42,22.0,,0.0,,,7.0,,,16.0,,,16.0,,,,,,25.0,,,20.0,,,,,,7.0,,,2.0,,,"3,269"
2014,ENE - DIC,10/01/2015,ENT001,PROGRAMA NACIONAL PARA LA PREVENCIÓN Y ERRADICACIÓN DE LA VIOLENCIA CONTRA LA MUJER E INTEGRANTES DEL GRUPO FAMILIAR,LIN001,ATENCIÓN INTEGRAL Y MULTIDISCIPLINARIA PARA VICTIMAS DE VIOLENCIA,SER001,CENTRO EMERGENCIA MUJER,250301,UCAYALI,PADRE ABAD,PADRE ABAD,CEM075,PADRE ABAD,1.0,166,5.0,161,49,77,40.0,,6.0,,,17.0,,,20.0,,,42.0,,,,,,37.0,,,28.0,,,,,,13.0,,,3.0,,,"2,507"
2014,ENE - DIC,10/01/2015,ENT001,PROGRAMA NACIONAL PARA LA PREVENCIÓN Y ERRADICACIÓN DE LA VIOLENCIA CONTRA LA MUJER E INTEGRANTES DEL GRUPO FAMILIAR,LIN001,ATENCIÓN INTEGRAL Y MULTIDISCIPLINARIA PARA VICTIMAS DE VIOLENCIA,SER001,CENTRO EMERGENCIA MUJER,200501,PIURA,PAITA,PAITA,CEM128,PAITA,1.0,375,39.0,336,245,109,21.0,,5.0,,,38.0,,,34.0,,,72.0,,,,,,122.0,,,74.0,,,,,,26.0,,,4.0,,,"4,912"
2014,ENE - DIC,10/01/2015,ENT001,PROGRAMA NACIONAL PARA LA PREVENCIÓN Y ERRADICACIÓN DE LA VIOLENCIA CONTRA LA MUJER E INTEGRANTES DEL GRUPO FAMILIAR,LIN001,ATENCIÓN INTEGRAL Y MULTIDISCIPLINARIA PARA VICTIMAS DE VIOLENCIA,SER001,CENTRO EMERGENCIA MUJER,21501,ÁNCASH,PALLASCA,CABANA,CEM197,PALLASCA,1.0,141,33.0,108,58,65,18.0,,12.0,,,23.0,,,29.0,,,15.0,,,,,,21.0,,,15.0,,,,,,15.0,,,11.0,,,"2,642"
2014,ENE - DIC,10/01/2015,ENT001,PROGRAMA NACIONAL PARA LA PREVENCIÓN Y ERRADICACIÓN DE LA VIOLENCIA CONTRA LA MUJER E INTEGRANTES DEL GRUPO FAMILIAR,LIN001,ATENCIÓN INTEGRAL Y MULTIDISCIPLINARIA PARA VICTIMAS DE VIOLENCIA,SER001,CENTRO EMERGENCIA MUJER,120606,JUNÍN,SATIPO,PANGOA,CEM171,PANGOA,1.0,284,34.0,250,93,132,59.0,,6.0,,,51.0,,,36.0,,,46.0,,,,,,71.0,,,46.0,,,,,,25.0,,,3.0,,,"2,073"
2014,ENE - DIC,10/01/2015,ENT001,PROGRAMA NACIONAL PARA LA PREVENCIÓN Y ERRADICACIÓN DE LA VIOLENCIA CONTRA LA MUJER E INTEGRANTES DEL GRUPO FAMILIAR,LIN001,ATENCIÓN INTEGRAL Y MULTIDISCIPLINARIA PARA VICTIMAS DE VIOLENCIA,SER001,CENTRO EMERGENCIA MUJER,50701,AYACUCHO,PARINACOCHAS,CORACORA,CEM077,PARINACOCHAS,1.0,103,11.0,92,54,45,4.0,,5.0,,,3.0,,,8.0,,,8.0,,,,,,29.0,,,19.0,,,,,,23.0,,,8.0,,,"4,508"
2014,ENE - DIC,10/01/2015,ENT001,PROGRAMA NACIONAL PARA LA PREVENCIÓN Y ERRADICACIÓN DE LA VIOLENCIA CONTRA LA MUJER E INTEGRANTES DEL GRUPO FAMILIAR,LIN001,ATENCIÓN INTEGRAL Y MULTIDISCIPLINARIA PARA VICTIMAS DE VIOLENCIA,SER001,CENTRO EMERGENCIA MUJER,190113,PASCO,PASCO,YANACANCHA,CEM078,PASCO,1.0,281,32.0,249,107,143,31.0,,8.0,,,30.0,,,27.0,,,71.0,,,,,,61.0,,,58.0,,,,,,19.0,,,7.0,,,"3,511"
2014,ENE - DIC,10/01/2015,ENT001,PROGRAMA NACIONAL PARA LA PREVENCIÓN Y ERRADICACIÓN DE LA VIOLENCIA CONTRA LA MUJER E INTEGRANTES DEL GRUPO FAMILIAR,LIN001,ATENCIÓN INTEGRAL Y MULTIDISCIPLINARIA PARA VICTIMAS DE VIOLENCIA,SER001,CENTRO EMERGENCIA MUJER,130801,LA LIBERTAD,PATAZ,TAYABAMBA,CEM183,PATAZ,1.0,134,13.0,121,25,88,21.0,,5.0,,,13.0,,,21.0,,,20.0,,,,,,35.0,,,16.0,,,,,,16.0,,,8.0,,,"2,894"
2014,ENE - DIC,10/01/2015,ENT001,PROGRAMA NACIONAL PARA LA PREVENCIÓN Y ERRADICACIÓN DE LA VIOLENCIA CONTRA LA MUJER E INTEGRANTES DEL GRUPO FAMILIAR,LIN001,ATENCIÓN INTEGRAL Y MULTIDISCIPLINARIA PARA VICTIMAS DE VIOLENCIA,SER001,CENTRO EMERGENCIA MUJER,50801,AYACUCHO,PAUCAR DEL SARA SARA,PAUSA,CEM079,PAUCAR DEL SARA SARA,1.0,133,38.0,95,36,91,6.0,,10.0,,,25.0,,,15.0,,,8.0,,,,,,15.0,,,16.0,,,,,,16.0,,,28.0,,,"4,719"
2014,ENE - DIC,10/01/2015,ENT001,PROGRAMA NACIONAL PARA LA PREVENCIÓN Y ERRADICACIÓN DE LA VIOLENCIA CONTRA LA MUJER E INTEGRANTES DEL GRUPO FAMILIAR,LIN001,ATENCIÓN INTEGRAL Y MULTIDISCIPLINARIA PARA VICTIMAS DE VIOLENCIA,SER001,CENTRO EMERGENCIA MUJER,81101,CUSCO,PAUCARTAMBO,PAUCARTAMBO,CEM181,PAUCARTAMBO,1.0,161,29.0,132,42,88,31.0,,11.0,,,25.0,,,39.0,,,26.0,,,,,,23.0,,,21.0,,,,,,12.0,,,4.0,,,"4,920"
2014,ENE - DIC,10/01/2015,ENT001,PROGRAMA NACIONAL PARA LA PREVENCIÓN Y ERRADICACIÓN DE LA VIOLENCIA CONTRA LA MUJER E INTEGRANTES DEL GRUPO FAMILIAR,LIN001,ATENCIÓN INTEGRAL Y MULTIDISCIPLINARIA PARA VICTIMAS DE VIOLENCIA,SER001,CENTRO EMERGENCIA MUJER,80910,CUSCO,LA CONVENCIÓN,PICHARI,CEM080,PICHARI,1.0,225,23.0,202,108,104,13.0,,10.0,,,21.0,,,18.0,,,52.0,,,,,,72.0,,,34.0,,,,,,16.0,,,2.0,,,"5,692"
2014,ENE - DIC,10/01/2015,ENT001,PROGRAMA NACIONAL PARA LA PREVENCIÓN Y ERRADICACIÓN DE LA VIOLENCIA CONTRA LA MUJER E INTEGRANTES DEL GRUPO FAMILIAR,LIN001,ATENCIÓN INTEGRAL Y MULTIDISCIPLINARIA PARA VICTIMAS DE VIOLENCIA,SER001,CENTRO EMERGENCIA MUJER,220701,SAN MARTÍN,PICOTA,PICOTA,CEM182,PICOTA,1.0,220,36.0,184,108,93,19.0,,15.0,,,54.0,,,39.0,,,29.0,,,,,,42.0,,,22.0,,,,,,16.0,,,3.0,,,"7,009"
2014,ENE - DIC,10/01/2015,ENT001,PROGRAMA NACIONAL PARA LA PREVENCIÓN Y ERRADICACIÓN DE LA VIOLENCIA CONTRA LA MUJER E INTEGRANTES DEL GRUPO FAMILIAR,LIN001,ATENCIÓN INTEGRAL Y MULTIDISCIPLINARIA PARA VICTIMAS DE VIOLENCIA,SER001,CENTRO EMERGENCIA MUJER,110501,ICA,PISCO,PISCO,CEM081,PISCO,1.0,609,76.0,533,317,270,22.0,,12.0,,,83.0,,,79.0,,,90.0,,,,,,157.0,,,113.0,,,,,,66.0,,,9.0,,,"9,038"
2014,ENE - DIC,10/01/2015,ENT001,PROGRAMA NACIONAL PARA LA PREVENCIÓN Y ERRADICACIÓN DE LA VIOLENCIA CONTRA LA MUJER E INTEGRANTES DEL GRUPO FAMILIAR,LIN001,ATENCIÓN INTEGRAL Y MULTIDISCIPLINARIA PARA VICTIMAS DE VIOLENCIA,SER001,CENTRO EMERGENCIA MUJER,200104,PIURA,PIURA,CASTILLA,CEM082,PIURA,1.0,460,24.0,436,243,170,47.0,,10.0,,,25.0,,,46.0,,,63.0,,,,,,161.0,,,109.0,,,,,,36.0,,,10.0,,,"8,076"
2014,ENE - DIC,10/01/2015,ENT001,PROGRAMA NACIONAL PARA LA PREVENCIÓN Y ERRADICACIÓN DE LA VIOLENCIA CONTRA LA MUJER E INTEGRANTES DEL GRUPO FAMILIAR,LIN001,ATENCIÓN INTEGRAL Y MULTIDISCIPLINARIA PARA VICTIMAS DE VIOLENCIA,SER001,CENTRO EMERGENCIA MUJER,250101,UCAYALI,CORONEL PORTILLO,CALLERIA,CEM083,PUCALLPA,1.0,427,53.0,374,196,172,59.0,,13.0,,,35.0,,,64.0,,,82.0,,,,,,126.0,,,71.0,,,,,,33.0,,,3.0,,,"7,338"
2014,ENE - DIC,10/01/2015,ENT001,PROGRAMA NACIONAL PARA LA PREVENCIÓN Y ERRADICACIÓN DE LA VIOLENCIA CONTRA LA MUJER E INTEGRANTES DEL GRUPO FAMILIAR,LIN001,ATENCIÓN INTEGRAL Y MULTIDISCIPLINARIA PARA VICTIMAS DE VIOLENCIA,SER001,CENTRO EMERGENCIA MUJER,110207,ICA,CHINCHA,PUEBLO NUEVO ,CEM142,PUEBLO NUEVO,1.0,393,43.0,350,262,112,19.0,,8.0,,,47.0,,,46.0,,,52.0,,,,,,111.0,,,86.0,,,,,,30.0,,,13.0,,,"4,577"
2014,ENE - DIC,10/01/2015,ENT001,PROGRAMA NACIONAL PARA LA PREVENCIÓN Y ERRADICACIÓN DE LA VIOLENCIA CONTRA LA MUJER E INTEGRANTES DEL GRUPO FAMILIAR,LIN001,ATENCIÓN INTEGRAL Y MULTIDISCIPLINARIA PARA VICTIMAS DE VIOLENCIA,SER001,CENTRO EMERGENCIA MUJER,150125,LIMA METROPOLITANA,LIMA,PUENTE PIEDRA,CEM122,PUENTE PIEDRA,1.0,489,49.0,440,267,120,102.0,,32.0,,,64.0,,,56.0,,,63.0,,,,,,142.0,,,94.0,,,,,,32.0,,,6.0,,,"6,650"
2014,ENE - DIC,10/01/2015,ENT001,PROGRAMA NACIONAL PARA LA PREVENCIÓN Y ERRADICACIÓN DE LA VIOLENCIA CONTRA LA MUJER E INTEGRANTES DEL GRUPO FAMILIAR,LIN001,ATENCIÓN INTEGRAL Y MULTIDISCIPLINARIA PARA VICTIMAS DE VIOLENCIA,SER001,CENTRO EMERGENCIA MUJER,100901,HUÁNUCO,PUERTO INCA,PUERTO INCA,CEM179,PUERTO INCA,1.0,121,13.0,108,36,60,25.0,,11.0,,,25.0,,,15.0,,,19.0,,,,,,25.0,,,12.0,,,,,,13.0,,,1.0,,,"2,421"
2014,ENE - DIC,10/01/2015,ENT001,PROGRAMA NACIONAL PARA LA PREVENCIÓN Y ERRADICACIÓN DE LA VIOLENCIA CONTRA LA MUJER E INTEGRANTES DEL GRUPO FAMILIAR,LIN001,ATENCIÓN INTEGRAL Y MULTIDISCIPLINARIA PARA VICTIMAS DE VIOLENCIA,SER001,CENTRO EMERGENCIA MUJER,210101,PUNO,PUNO,PUNO,CEM084,PUNO,1.0,503,37.0,466,284,202,17.0,,3.0,,,11.0,,,21.0,,,68.0,,,,,,172.0,,,112.0,,,,,,80.0,,,36.0,,,"8,299"
2014,ENE - DIC,10/01/2015,ENT001,PROGRAMA NACIONAL PARA LA PREVENCIÓN Y ERRADICACIÓN DE LA VIOLENCIA CONTRA LA MUJER E INTEGRANTES DEL GRUPO FAMILIAR,LIN001,ATENCIÓN INTEGRAL Y MULTIDISCIPLINARIA PARA VICTIMAS DE VIOLENCIA,SER001,CENTRO EMERGENCIA MUJER,80901,CUSCO,LA CONVENCIÓN,SANTA ANA,CEM085,QUILLABAMBA,1.0,443,50.0,393,251,171,21.0,,6.0,,,28.0,,,32.0,,,65.0,,,,,,133.0,,,94.0,,,,,,56.0,,,29.0,,,"5,744"
2014,ENE - DIC,10/01/2015,ENT001,PROGRAMA NACIONAL PARA LA PREVENCIÓN Y ERRADICACIÓN DE LA VIOLENCIA CONTRA LA MUJER E INTEGRANTES DEL GRUPO FAMILIAR,LIN001,ATENCIÓN INTEGRAL Y MULTIDISCIPLINARIA PARA VICTIMAS DE VIOLENCIA,SER001,CENTRO EMERGENCIA MUJER,81201,CUSCO,QUISPICANCHI,URCOS,CEM127,QUISPICANCHI,1.0,280,38.0,242,93,164,23.0,,12.0,,,23.0,,,34.0,,,28.0,,,,,,78.0,,,54.0,,,,,,36.0,,,15.0,,,"6,346"
2014,ENE - DIC,10/01/2015,ENT001,PROGRAMA NACIONAL PARA LA PREVENCIÓN Y ERRADICACIÓN DE LA VIOLENCIA CONTRA LA MUJER E INTEGRANTES DEL GRUPO FAMILIAR,LIN001,ATENCIÓN INTEGRAL Y MULTIDISCIPLINARIA PARA VICTIMAS DE VIOLENCIA,SER001,CENTRO EMERGENCIA MUJER,160501,LORETO,REQUENA,REQUENA,CEM165,REQUENA,1.0,77,7.0,70,31,35,11.0,,3.0,,,8.0,,,11.0,,,10.0,,,,,,21.0,,,18.0,,,,,,6.0,,,0.0,,,789
2014,ENE - DIC,10/01/2015,ENT001,PROGRAMA NACIONAL PARA LA PREVENCIÓN Y ERRADICACIÓN DE LA VIOLENCIA CONTRA LA MUJER E INTEGRANTES DEL GRUPO FAMILIAR,LIN001,ATENCIÓN INTEGRAL Y MULTIDISCIPLINARIA PARA VICTIMAS DE VIOLENCIA,SER001,CENTRO EMERGENCIA MUJER,150128,LIMA METROPOLITANA,LIMA,RÍMAC,CEM145,RÍMAC,1.0,291,39.0,252,127,115,49.0,,8.0,,,34.0,,,53.0,,,36.0,,,,,,50.0,,,60.0,,,,,,30.0,,,20.0,,,"7,038"
2014,ENE - DIC,10/01/2015,ENT001,PROGRAMA NACIONAL PARA LA PREVENCIÓN Y ERRADICACIÓN DE LA VIOLENCIA CONTRA LA MUJER E INTEGRANTES DEL GRUPO FAMILIAR,LIN001,ATENCIÓN INTEGRAL Y MULTIDISCIPLINARIA PARA VICTIMAS DE VIOLENCIA,SER001,CENTRO EMERGENCIA MUJER,220801,SAN MARTÍN,RIOJA,RIOJA,CEM086,RIOJA,1.0,219,16.0,203,81,122,16.0,,11.0,,,18.0,,,26.0,,,43.0,,,,,,51.0,,,44.0,,,,,,18.0,,,8.0,,,"4,286"
2014,ENE - DIC,10/01/2015,ENT001,PROGRAMA NACIONAL PARA LA PREVENCIÓN Y ERRADICACIÓN DE LA VIOLENCIA CONTRA LA MUJER E INTEGRANTES DEL GRUPO FAMILIAR,LIN001,ATENCIÓN INTEGRAL Y MULTIDISCIPLINARIA PARA VICTIMAS DE VIOLENCIA,SER001,CENTRO EMERGENCIA MUJER,10601,AMAZONAS,RODRÍGUEZ DE MENDOZA,SAN NICOLAS,CEM186,RODRÍGUEZ DE MENDOZA,1.0,135,14.0,121,62,41,32.0,,2.0,,,29.0,,,30.0,,,9.0,,,,,,28.0,,,21.0,,,,,,12.0,,,4.0,,,"3,106"
2014,ENE - DIC,10/01/2015,ENT001,PROGRAMA NACIONAL PARA LA PREVENCIÓN Y ERRADICACIÓN DE LA VIOLENCIA CONTRA LA MUJER E INTEGRANTES DEL GRUPO FAMILIAR,LIN001,ATENCIÓN INTEGRAL Y MULTIDISCIPLINARIA PARA VICTIMAS DE VIOLENCIA,SER001,CENTRO EMERGENCIA MUJER,211001,PUNO,SAN ANTONIO DE PUTINA ,PUTINA,CEM144,SAN ANTONIO DE PUTINA,1.0,138,12.0,126,24,102,12.0,,6.0,,,7.0,,,17.0,,,33.0,,,,,,40.0,,,16.0,,,,,,9.0,,,10.0,,,"11,257"
2014,ENE - DIC,10/01/2015,ENT001,PROGRAMA NACIONAL PARA LA PREVENCIÓN Y ERRADICACIÓN DE LA VIOLENCIA CONTRA LA MUJER E INTEGRANTES DEL GRUPO FAMILIAR,LIN001,ATENCIÓN INTEGRAL Y MULTIDISCIPLINARIA PARA VICTIMAS DE VIOLENCIA,SER001,CENTRO EMERGENCIA MUJER,60901,CAJAMARCA,SAN IGNACIO,SAN IGANCIO,CEM119,SAN IGNACIO,1.0,200,8.0,192,99,64,37.0,,6.0,,,13.0,,,32.0,,,44.0,,,,,,38.0,,,36.0,,,,,,27.0,,,4.0,,,"4,992"
2014,ENE - DIC,10/01/2015,ENT001,PROGRAMA NACIONAL PARA LA PREVENCIÓN Y ERRADICACIÓN DE LA VIOLENCIA CONTRA LA MUJER E INTEGRANTES DEL GRUPO FAMILIAR,LIN001,ATENCIÓN INTEGRAL Y MULTIDISCIPLINARIA PARA VICTIMAS DE VIOLENCIA,SER001,CENTRO EMERGENCIA MUJER,150132,LIMA METROPOLITANA,LIMA,SAN JUAN DE LURIGANCHO,CEM088,SAN JUAN DE LURIGANCHO,1.0,976,124.0,852,600,213,163.0,,58.0,,,129.0,,,128.0,,,122.0,,,,,,220.0,,,179.0,,,,,,106.0,,,34.0,,,"14,285"
2014,ENE - DIC,10/01/2015,ENT001,PROGRAMA NACIONAL PARA LA PREVENCIÓN Y ERRADICACIÓN DE LA VIOLENCIA CONTRA LA MUJER E INTEGRANTES DEL GRUPO FAMILIAR,LIN001,ATENCIÓN INTEGRAL Y MULTIDISCIPLINARIA PARA VICTIMAS DE VIOLENCIA,SER001,CENTRO EMERGENCIA MUJER,150133,LIMA METROPOLITANA,LIMA,SAN JUAN DE MIRAFLORES,CEM076,SAN JUAN DE MIRAFLORES,1.0,451,89.0,362,204,175,72.0,,60.0,,,99.0,,,85.0,,,45.0,,,,,,64.0,,,45.0,,,,,,30.0,,,23.0,,,"13,013"
2014,ENE - DIC,10/01/2015,ENT001,PROGRAMA NACIONAL PARA LA PREVENCIÓN Y ERRADICACIÓN DE LA VIOLENCIA CONTRA LA MUJER E INTEGRANTES DEL GRUPO FAMILIAR,LIN001,ATENCIÓN INTEGRAL Y MULTIDISCIPLINARIA PARA VICTIMAS DE VIOLENCIA,SER001,CENTRO EMERGENCIA MUJER,150134,LIMA METROPOLITANA,LIMA,SAN LUIS,CEM058,SAN LUIS,1.0,181,36.0,145,102,42,37.0,,18.0,,,37.0,,,44.0,,,18.0,,,,,,19.0,,,18.0,,,,,,21.0,,,6.0,,,"14,940"
2014,ENE - DIC,10/01/2015,ENT001,PROGRAMA NACIONAL PARA LA PREVENCIÓN Y ERRADICACIÓN DE LA VIOLENCIA CONTRA LA MUJER E INTEGRANTES DEL GRUPO FAMILIAR,LIN001,ATENCIÓN INTEGRAL Y MULTIDISCIPLINARIA PARA VICTIMAS DE VIOLENCIA,SER001,CENTRO EMERGENCIA MUJER,61001,CAJAMARCA,SAN MARCOS,PEDRO GALVEZ,CEM192,SAN MARCOS,1.0,186,36.0,150,87,83,16.0,,14.0,,,29.0,,,23.0,,,27.0,,,,,,31.0,,,26.0,,,,,,21.0,,,15.0,,,"2,657"
2014,ENE - DIC,10/01/2015,ENT001,PROGRAMA NACIONAL PARA LA PREVENCIÓN Y ERRADICACIÓN DE LA VIOLENCIA CONTRA LA MUJER E INTEGRANTES DEL GRUPO FAMILIAR,LIN001,ATENCIÓN INTEGRAL Y MULTIDISCIPLINARIA PARA VICTIMAS DE VIOLENCIA,SER001,CENTRO EMERGENCIA MUJER,150135,LIMA METROPOLITANA,LIMA,SAN MARTÍN DE PORRES,CEM089,SAN MARTIN DE PORRES,1.0,438,28.0,410,230,131,77.0,,10.0,,,44.0,,,44.0,,,64.0,,,,,,109.0,,,90.0,,,,,,49.0,,,28.0,,,"7,795"
2014,ENE - DIC,10/01/2015,ENT001,PROGRAMA NACIONAL PARA LA PREVENCIÓN Y ERRADICACIÓN DE LA VIOLENCIA CONTRA LA MUJER E INTEGRANTES DEL GRUPO FAMILIAR,LIN001,ATENCIÓN INTEGRAL Y MULTIDISCIPLINARIA PARA VICTIMAS DE VIOLENCIA,SER001,CENTRO EMERGENCIA MUJER,61101,CAJAMARCA,SAN MIGUEL,SAN MIGUEL,CEM191,SAN MIGUEL,1.0,57,3.0,54,14,21,22.0,,2.0,,,7.0,,,9.0,,,9.0,,,,,,10.0,,,12.0,,,,,,7.0,,,1.0,,,"1,209"
2014,ENE - DIC,10/01/2015,ENT001,PROGRAMA NACIONAL PARA LA PREVENCIÓN Y ERRADICACIÓN DE LA VIOLENCIA CONTRA LA MUJER E INTEGRANTES DEL GRUPO FAMILIAR,LIN001,ATENCIÓN INTEGRAL Y MULTIDISCIPLINARIA PARA VICTIMAS DE VIOLENCIA,SER001,CENTRO EMERGENCIA MUJER,211201,PUNO,SANDIA,SANDIA,CEM151,SANDIA,1.0,139,12.0,127,43,82,14.0,,1.0,,,18.0,,,12.0,,,19.0,,,,,,42.0,,,22.0,,,,,,16.0,,,9.0,,,"3,837"
2014,ENE - DIC,10/01/2015,ENT001,PROGRAMA NACIONAL PARA LA PREVENCIÓN Y ERRADICACIÓN DE LA VIOLENCIA CONTRA LA MUJER E INTEGRANTES DEL GRUPO FAMILIAR,LIN001,ATENCIÓN INTEGRAL Y MULTIDISCIPLINARIA PARA VICTIMAS DE VIOLENCIA,SER001,CENTRO EMERGENCIA MUJER,131001,LA LIBERTAD,SANTIAGO DE CHUCO,SANTIAGO DE CHUCO,CEM090,SANTIAGO DE CHUCO,1.0,52,10.0,42,8,38,6.0,,5.0,,,11.0,,,7.0,,,8.0,,,,,,11.0,,,9.0,,,,,,1.0,,,0.0,,,"4,747"
2014,ENE - DIC,10/01/2015,ENT001,PROGRAMA NACIONAL PARA LA PREVENCIÓN Y ERRADICACIÓN DE LA VIOLENCIA CONTRA LA MUJER E INTEGRANTES DEL GRUPO FAMILIAR,LIN001,ATENCIÓN INTEGRAL Y MULTIDISCIPLINARIA PARA VICTIMAS DE VIOLENCIA,SER001,CENTRO EMERGENCIA MUJER,120601,JUNÍN,SATIPO,SATIPO,CEM091,SATIPO,1.0,218,19.0,199,44,130,44.0,,9.0,,,22.0,,,43.0,,,35.0,,,,,,47.0,,,35.0,,,,,,20.0,,,7.0,,,"2,914"
2014,ENE - DIC,10/01/2015,ENT001,PROGRAMA NACIONAL PARA LA PREVENCIÓN Y ERRADICACIÓN DE LA VIOLENCIA CONTRA LA MUJER E INTEGRANTES DEL GRUPO FAMILIAR,LIN001,ATENCIÓN INTEGRAL Y MULTIDISCIPLINARIA PARA VICTIMAS DE VIOLENCIA,SER001,CENTRO EMERGENCIA MUJER,200801,PIURA,SECHURA,SECHURA,CEM092,SECHURA,1.0,160,22.0,138,61,94,5.0,,3.0,,,20.0,,,20.0,,,38.0,,,,,,50.0,,,21.0,,,,,,8.0,,,0.0,,,"7,068"
2014,ENE - DIC,10/01/2015,ENT001,PROGRAMA NACIONAL PARA LA PREVENCIÓN Y ERRADICACIÓN DE LA VIOLENCIA CONTRA LA MUJER E INTEGRANTES DEL GRUPO FAMILIAR,LIN001,ATENCIÓN INTEGRAL Y MULTIDISCIPLINARIA PARA VICTIMAS DE VIOLENCIA,SER001,CENTRO EMERGENCIA MUJER,80601,CUSCO,CANCHIS,SICUANI,CEM093,SICUANI,1.0,348,13.0,335,280,60,8.0,,1.0,,,6.0,,,8.0,,,70.0,,,,,,114.0,,,92.0,,,,,,51.0,,,6.0,,,"6,290"
2014,ENE - DIC,10/01/2015,ENT001,PROGRAMA NACIONAL PARA LA PREVENCIÓN Y ERRADICACIÓN DE LA VIOLENCIA CONTRA LA MUJER E INTEGRANTES DEL GRUPO FAMILIAR,LIN001,ATENCIÓN INTEGRAL Y MULTIDISCIPLINARIA PARA VICTIMAS DE VIOLENCIA,SER001,CENTRO EMERGENCIA MUJER,21901,ÁNCASH,SIHUAS,SIHUAS,CEM196,SIHUAS,1.0,100,14.0,86,41,46,13.0,,8.0,,,16.0,,,14.0,,,15.0,,,,,,14.0,,,23.0,,,,,,8.0,,,2.0,,,"2,578"
2014,ENE - DIC,10/01/2015,ENT001,PROGRAMA NACIONAL PARA LA PREVENCIÓN Y ERRADICACIÓN DE LA VIOLENCIA CONTRA LA MUJER E INTEGRANTES DEL GRUPO FAMILIAR,LIN001,ATENCIÓN INTEGRAL Y MULTIDISCIPLINARIA PARA VICTIMAS DE VIOLENCIA,SER001,CENTRO EMERGENCIA MUJER,50407,AYACUCHO,HUANTA,SIVIA,CEM172,SIVIA,1.0,207,9.0,198,121,51,35.0,,6.0,,,27.0,,,26.0,,,40.0,,,,,,44.0,,,39.0,,,,,,24.0,,,1.0,,,"4,214"
2014,ENE - DIC,10/01/2015,ENT001,PROGRAMA NACIONAL PARA LA PREVENCIÓN Y ERRADICACIÓN DE LA VIOLENCIA CONTRA LA MUJER E INTEGRANTES DEL GRUPO FAMILIAR,LIN001,ATENCIÓN INTEGRAL Y MULTIDISCIPLINARIA PARA VICTIMAS DE VIOLENCIA,SER001,CENTRO EMERGENCIA MUJER,50901,AYACUCHO,SUCRE,QUEROBAMBA,CEM094,SUCRE,1.0,86,7.0,79,49,29,8.0,,2.0,,,9.0,,,8.0,,,11.0,,,,,,17.0,,,17.0,,,,,,17.0,,,5.0,,,"6,326"
2014,ENE - DIC,10/01/2015,ENT001,PROGRAMA NACIONAL PARA LA PREVENCIÓN Y ERRADICACIÓN DE LA VIOLENCIA CONTRA LA MUJER E INTEGRANTES DEL GRUPO FAMILIAR,LIN001,ATENCIÓN INTEGRAL Y MULTIDISCIPLINARIA PARA VICTIMAS DE VIOLENCIA,SER001,CENTRO EMERGENCIA MUJER,200601,PIURA,SULLANA,SULLANA,CEM095,SULLANA,1.0,325,36.0,289,123,179,23.0,,9.0,,,42.0,,,39.0,,,56.0,,,,,,83.0,,,66.0,,,,,,22.0,,,8.0,,,"10,454"
2014,ENE - DIC,10/01/2015,ENT001,PROGRAMA NACIONAL PARA LA PREVENCIÓN Y ERRADICACIÓN DE LA VIOLENCIA CONTRA LA MUJER E INTEGRANTES DEL GRUPO FAMILIAR,LIN001,ATENCIÓN INTEGRAL Y MULTIDISCIPLINARIA PARA VICTIMAS DE VIOLENCIA,SER001,CENTRO EMERGENCIA MUJER,150140,LIMA METROPOLITANA,LIMA,SANTIAGO DE SURCO,CEM096,SURCO,1.0,529,55.0,474,285,154,90.0,,24.0,,,74.0,,,79.0,,,59.0,,,,,,116.0,,,89.0,,,,,,52.0,,,36.0,,,"10,377"
2014,ENE - DIC,10/01/2015,ENT001,PROGRAMA NACIONAL PARA LA PREVENCIÓN Y ERRADICACIÓN DE LA VIOLENCIA CONTRA LA MUJER E INTEGRANTES DEL GRUPO FAMILIAR,LIN001,ATENCIÓN INTEGRAL Y MULTIDISCIPLINARIA PARA VICTIMAS DE VIOLENCIA,SER001,CENTRO EMERGENCIA MUJER,150141,LIMA METROPOLITANA,LIMA,SURQUILLO,CEM097,SURQUILLO,1.0,217,33.0,184,111,61,45.0,,10.0,,,35.0,,,40.0,,,16.0,,,,,,35.0,,,21.0,,,,,,35.0,,,25.0,,,"5,211"
2014,ENE - DIC,10/01/2015,ENT001,PROGRAMA NACIONAL PARA LA PREVENCIÓN Y ERRADICACIÓN DE LA VIOLENCIA CONTRA LA MUJER E INTEGRANTES DEL GRUPO FAMILIAR,LIN001,ATENCIÓN INTEGRAL Y MULTIDISCIPLINARIA PARA VICTIMAS DE VIOLENCIA,SER001,CENTRO EMERGENCIA MUJER,230101,TACNA,TACNA,TACNA,CEM098,TACNA,1.0,529,47.0,482,262,208,59.0,,8.0,,,37.0,,,54.0,,,95.0,,,,,,142.0,,,108.0,,,,,,62.0,,,23.0,,,"7,744"
2014,ENE - DIC,10/01/2015,ENT001,PROGRAMA NACIONAL PARA LA PREVENCIÓN Y ERRADICACIÓN DE LA VIOLENCIA CONTRA LA MUJER E INTEGRANTES DEL GRUPO FAMILIAR,LIN001,ATENCIÓN INTEGRAL Y MULTIDISCIPLINARIA PARA VICTIMAS DE VIOLENCIA,SER001,CENTRO EMERGENCIA MUJER,200701,PIURA,TALARA,PARIÑAS,CEM132,TALARA,1.0,271,39.0,232,162,95,14.0,,15.0,,,32.0,,,30.0,,,39.0,,,,,,62.0,,,56.0,,,,,,31.0,,,6.0,,,"4,960"
2014,ENE - DIC,10/01/2015,ENT001,PROGRAMA NACIONAL PARA LA PREVENCIÓN Y ERRADICACIÓN DE LA VIOLENCIA CONTRA LA MUJER E INTEGRANTES DEL GRUPO FAMILIAR,LIN001,ATENCIÓN INTEGRAL Y MULTIDISCIPLINARIA PARA VICTIMAS DE VIOLENCIA,SER001,CENTRO EMERGENCIA MUJER,220901,SAN MARTÍN,SAN MARTÍN,TARAPOTO,CEM099,TARAPOTO,1.0,541,94.0,447,335,174,32.0,,45.0,,,64.0,,,59.0,,,62.0,,,,,,131.0,,,89.0,,,,,,58.0,,,33.0,,,"6,163"
2014,ENE - DIC,10/01/2015,ENT001,PROGRAMA NACIONAL PARA LA PREVENCIÓN Y ERRADICACIÓN DE LA VIOLENCIA CONTRA LA MUJER E INTEGRANTES DEL GRUPO FAMILIAR,LIN001,ATENCIÓN INTEGRAL Y MULTIDISCIPLINARIA PARA VICTIMAS DE VIOLENCIA,SER001,CENTRO EMERGENCIA MUJER,120701,JUNÍN,TARMA,TARMA,CEM100,TARMA,1.0,210,33.0,177,59,105,46.0,,13.0,,,37.0,,,28.0,,,24.0,,,,,,51.0,,,28.0,,,,,,16.0,,,13.0,,,"14,603"
2014,ENE - DIC,10/01/2015,ENT001,PROGRAMA NACIONAL PARA LA PREVENCIÓN Y ERRADICACIÓN DE LA VIOLENCIA CONTRA LA MUJER E INTEGRANTES DEL GRUPO FAMILIAR,LIN001,ATENCIÓN INTEGRAL Y MULTIDISCIPLINARIA PARA VICTIMAS DE VIOLENCIA,SER001,CENTRO EMERGENCIA MUJER,90701,HUANCAVELICA,TAYACAJA,PAMPAS,CEM101,TAYACAJA,1.0,205,35.0,170,55,130,20.0,,10.0,,,25.0,,,30.0,,,42.0,,,,,,41.0,,,32.0,,,,,,18.0,,,7.0,,,"4,754"
2014,ENE - DIC,10/01/2015,ENT001,PROGRAMA NACIONAL PARA LA PREVENCIÓN Y ERRADICACIÓN DE LA VIOLENCIA CONTRA LA MUJER E INTEGRANTES DEL GRUPO FAMILIAR,LIN001,ATENCIÓN INTEGRAL Y MULTIDISCIPLINARIA PARA VICTIMAS DE VIOLENCIA,SER001,CENTRO EMERGENCIA MUJER,100601,HUÁNUCO,LEONCIO PRADO,RUPA-RUPA,CEM102,TINGO MARIA,1.0,282,23.0,259,108,100,74.0,,5.0,,,37.0,,,58.0,,,52.0,,,,,,59.0,,,44.0,,,,,,20.0,,,7.0,,,"5,839"
2014,ENE - DIC,10/01/2015,ENT001,PROGRAMA NACIONAL PARA LA PREVENCIÓN Y ERRADICACIÓN DE LA VIOLENCIA CONTRA LA MUJER E INTEGRANTES DEL GRUPO FAMILIAR,LIN001,ATENCIÓN INTEGRAL Y MULTIDISCIPLINARIA PARA VICTIMAS DE VIOLENCIA,SER001,CENTRO EMERGENCIA MUJER,221001,SAN MARTÍN,TOCACHE,TOCACHE,CEM103,TOCACHE,1.0,114,8.0,106,37,44,33.0,,1.0,,,9.0,,,23.0,,,25.0,,,,,,28.0,,,16.0,,,,,,12.0,,,0.0,,,"1,363"
2014,ENE - DIC,10/01/2015,ENT001,PROGRAMA NACIONAL PARA LA PREVENCIÓN Y ERRADICACIÓN DE LA VIOLENCIA CONTRA LA MUJER E INTEGRANTES DEL GRUPO FAMILIAR,LIN001,ATENCIÓN INTEGRAL Y MULTIDISCIPLINARIA PARA VICTIMAS DE VIOLENCIA,SER001,CENTRO EMERGENCIA MUJER,130101,LA LIBERTAD,TRUJILLO,TRUJILLO,CEM104,TRUJILLO,1.0,390,86.0,304,191,164,35.0,,49.0,,,74.0,,,58.0,,,27.0,,,,,,74.0,,,53.0,,,,,,19.0,,,36.0,,,"15,346"
2014,ENE - DIC,10/01/2015,ENT001,PROGRAMA NACIONAL PARA LA PREVENCIÓN Y ERRADICACIÓN DE LA VIOLENCIA CONTRA LA MUJER E INTEGRANTES DEL GRUPO FAMILIAR,LIN001,ATENCIÓN INTEGRAL Y MULTIDISCIPLINARIA PARA VICTIMAS DE VIOLENCIA,SER001,CENTRO EMERGENCIA MUJER,240101,TUMBES,TUMBES,TUMBES,CEM105,TUMBES,1.0,112,16.0,96,78,29,5.0,,4.0,,,18.0,,,14.0,,,25.0,,,,,,27.0,,,18.0,,,,,,5.0,,,1.0,,,"2,133"
2014,ENE - DIC,10/01/2015,ENT001,PROGRAMA NACIONAL PARA LA PREVENCIÓN Y ERRADICACIÓN DE LA VIOLENCIA CONTRA LA MUJER E INTEGRANTES DEL GRUPO FAMILIAR,LIN001,ATENCIÓN INTEGRAL Y MULTIDISCIPLINARIA PARA VICTIMAS DE VIOLENCIA,SER001,CENTRO EMERGENCIA MUJER,160601,LORETO,UCAYALI,CONTAMANA,CEM180,UCAYALI,1.0,141,9.0,132,72,46,23.0,,3.0,,,19.0,,,18.0,,,21.0,,,,,,39.0,,,25.0,,,,,,12.0,,,4.0,,,753
2014,ENE - DIC,10/01/2015,ENT001,PROGRAMA NACIONAL PARA LA PREVENCIÓN Y ERRADICACIÓN DE LA VIOLENCIA CONTRA LA MUJER E INTEGRANTES DEL GRUPO FAMILIAR,LIN001,ATENCIÓN INTEGRAL Y MULTIDISCIPLINARIA PARA VICTIMAS DE VIOLENCIA,SER001,CENTRO EMERGENCIA MUJER,81301,CUSCO,URUBAMBA,URUBAMBA,CEM153,URUBAMBA,1.0,267,16.0,251,127,129,11.0,,3.0,,,19.0,,,10.0,,,43.0,,,,,,79.0,,,57.0,,,,,,42.0,,,14.0,,,"5,347"
2014,ENE - DIC,10/01/2015,ENT001,PROGRAMA NACIONAL PARA LA PREVENCIÓN Y ERRADICACIÓN DE LA VIOLENCIA CONTRA LA MUJER E INTEGRANTES DEL GRUPO FAMILIAR,LIN001,ATENCIÓN INTEGRAL Y MULTIDISCIPLINARIA PARA VICTIMAS DE VIOLENCIA,SER001,CENTRO EMERGENCIA MUJER,10701,AMAZONAS,UTCUBAMBA,BAGUA GRANDE,CEM106,UTCUBAMBA,1.0,226,24.0,202,93,91,42.0,,12.0,,,30.0,,,39.0,,,41.0,,,,,,49.0,,,44.0,,,,,,8.0,,,3.0,,,"7,690"
2014,ENE - DIC,10/01/2015,ENT001,PROGRAMA NACIONAL PARA LA PREVENCIÓN Y ERRADICACIÓN DE LA VIOLENCIA CONTRA LA MUJER E INTEGRANTES DEL GRUPO FAMILIAR,LIN001,ATENCIÓN INTEGRAL Y MULTIDISCIPLINARIA PARA VICTIMAS DE VIOLENCIA,SER001,CENTRO EMERGENCIA MUJER,70106,CALLAO,CALLAO,VENTANILLA,CEM107,VENTANILLA,1.0,446,61.0,385,266,109,71.0,,27.0,,,58.0,,,48.0,,,57.0,,,,,,104.0,,,85.0,,,,,,53.0,,,14.0,,,"6,043"
2014,ENE - DIC,10/01/2015,ENT001,PROGRAMA NACIONAL PARA LA PREVENCIÓN Y ERRADICACIÓN DE LA VIOLENCIA CONTRA LA MUJER E INTEGRANTES DEL GRUPO FAMILIAR,LIN001,ATENCIÓN INTEGRAL Y MULTIDISCIPLINARIA PARA VICTIMAS DE VIOLENCIA,SER001,CENTRO EMERGENCIA MUJER,51001,AYACUCHO,VÍCTOR FAJARDO,HUANCAPI,CEM120,VICTOR FAJARDO,1.0,190,39.0,151,180,8,2.0,,15.0,,,23.0,,,16.0,,,28.0,,,,,,38.0,,,42.0,,,,,,20.0,,,8.0,,,"4,220"
2014,ENE - DIC,10/01/2015,ENT001,PROGRAMA NACIONAL PARA LA PREVENCIÓN Y ERRADICACIÓN DE LA VIOLENCIA CONTRA LA MUJER E INTEGRANTES DEL GRUPO FAMILIAR,LIN001,ATENCIÓN INTEGRAL Y MULTIDISCIPLINARIA PARA VICTIMAS DE VIOLENCIA,SER001,CENTRO EMERGENCIA MUJER,51101,AYACUCHO,VILCAS HUAMÁN,VILCAS HUAMÁN,CEM108,VILCAS HUAMAN,1.0,129,11.0,118,87,40,2.0,,2.0,,,5.0,,,9.0,,,22.0,,,,,,42.0,,,31.0,,,,,,14.0,,,4.0,,,"3,334"
2014,ENE - DIC,10/01/2015,ENT001,PROGRAMA NACIONAL PARA LA PREVENCIÓN Y ERRADICACIÓN DE LA VIOLENCIA CONTRA LA MUJER E INTEGRANTES DEL GRUPO FAMILIAR,LIN001,ATENCIÓN INTEGRAL Y MULTIDISCIPLINARIA PARA VICTIMAS DE VIOLENCIA,SER001,CENTRO EMERGENCIA MUJER,150142,LIMA METROPOLITANA,LIMA,VILLA EL SALVADOR,CEM109,VILLA EL SALVADOR,1.0,751,147.0,604,319,291,141.0,,56.0,,,120.0,,,149.0,,,90.0,,,,,,136.0,,,104.0,,,,,,55.0,,,41.0,,,"15,348"
2014,ENE - DIC,10/01/2015,ENT001,PROGRAMA NACIONAL PARA LA PREVENCIÓN Y ERRADICACIÓN DE LA VIOLENCIA CONTRA LA MUJER E INTEGRANTES DEL GRUPO FAMILIAR,LIN001,ATENCIÓN INTEGRAL Y MULTIDISCIPLINARIA PARA VICTIMAS DE VIOLENCIA,SER001,CENTRO EMERGENCIA MUJER,150143,LIMA METROPOLITANA,LIMA,VILLA MARIA DEL TRIUNFO,CEM110,VILLA MARIA DEL TRIUNFO,1.0,712,141.0,571,373,241,98.0,,73.0,,,124.0,,,135.0,,,57.0,,,,,,115.0,,,115.0,,,,,,53.0,,,40.0,,,"12,133"
2014,ENE - DIC,10/01/2015,ENT001,PROGRAMA NACIONAL PARA LA PREVENCIÓN Y ERRADICACIÓN DE LA VIOLENCIA CONTRA LA MUJER E INTEGRANTES DEL GRUPO FAMILIAR,LIN001,ATENCIÓN INTEGRAL Y MULTIDISCIPLINARIA PARA VICTIMAS DE VIOLENCIA,SER001,CENTRO EMERGENCIA MUJER,190307,PASCO,OXAPAMPA,VILLA RICA,CEM111,VILLA RICA,1.0,207,23.0,184,65,101,41.0,,11.0,,,25.0,,,40.0,,,35.0,,,,,,40.0,,,33.0,,,,,,18.0,,,5.0,,,"5,889"
2014,ENE - DIC,10/01/2015,ENT001,PROGRAMA NACIONAL PARA LA PREVENCIÓN Y ERRADICACIÓN DE LA VIOLENCIA CONTRA LA MUJER E INTEGRANTES DEL GRUPO FAMILIAR,LIN001,ATENCIÓN INTEGRAL Y MULTIDISCIPLINARIA PARA VICTIMAS DE VIOLENCIA,SER001,CENTRO EMERGENCIA MUJER,131201,LA LIBERTAD,VIRÚ,VIRÚ,CEM141,VIRU,1.0,167,17.0,150,40,85,42.0,,10.0,,,24.0,,,24.0,,,26.0,,,,,,45.0,,,30.0,,,,,,5.0,,,3.0,,,"3,923"
2014,ENE - DIC,10/01/2015,ENT001,PROGRAMA NACIONAL PARA LA PREVENCIÓN Y ERRADICACIÓN DE LA VIOLENCIA CONTRA LA MUJER E INTEGRANTES DEL GRUPO FAMILIAR,LIN001,ATENCIÓN INTEGRAL Y MULTIDISCIPLINARIA PARA VICTIMAS DE VIOLENCIA,SER001,CENTRO EMERGENCIA MUJER,101101,HUÁNUCO,YAROWILCA,CHAVINILLO,CEM188,YAROWILCA,1.0,69,8.0,61,17,43,9.0,,2.0,,,4.0,,,9.0,,,8.0,,,,,,10.0,,,22.0,,,,,,11.0,,,3.0,,,"1,287"
2014,ENE - DIC,10/01/2015,ENT001,PROGRAMA NACIONAL PARA LA PREVENCIÓN Y ERRADICACIÓN DE LA VIOLENCIA CONTRA LA MUJER E INTEGRANTES DEL GRUPO FAMILIAR,LIN001,ATENCIÓN INTEGRAL Y MULTIDISCIPLINARIA PARA VICTIMAS DE VIOLENCIA,SER001,CENTRO EMERGENCIA MUJER,120801,JUNÍN,YAULI                                                   ,LA OROYA                                                ,CEM112,YAULI,1.0,136,15.0,121,14,108,14.0,,2.0,,,18.0,,,13.0,,,22.0,,,,,,41.0,,,20.0,,,,,,17.0,,,3.0,,,"10,553"
2014,ENE - DIC,10/01/2015,ENT001,PROGRAMA NACIONAL PARA LA PREVENCIÓN Y ERRADICACIÓN DE LA VIOLENCIA CONTRA LA MUJER E INTEGRANTES DEL GRUPO FAMILIAR,LIN001,ATENCIÓN INTEGRAL Y MULTIDISCIPLINARIA PARA VICTIMAS DE VIOLENCIA,SER001,CENTRO EMERGENCIA MUJER,151001,LIMA PROVINCIAS,YAUYOS,YAUYOS,CEM113,YAUYOS,1.0,60,11.0,49,23,26,11.0,,7.0,,,8.0,,,18.0,,,4.0,,,,,,3.0,,,15.0,,,,,,4.0,,,1.0,,,"1,389"
2014,ENE - DIC,10/01/2015,ENT001,PROGRAMA NACIONAL PARA LA PREVENCIÓN Y ERRADICACIÓN DE LA VIOLENCIA CONTRA LA MUJER E INTEGRANTES DEL GRUPO FAMILIAR,LIN001,ATENCIÓN INTEGRAL Y MULTIDISCIPLINARIA PARA VICTIMAS DE VIOLENCIA,SER001,CENTRO EMERGENCIA MUJER,22001,ÁNCASH,YUNGAY,YUNGAY,CEM129,YUNGAY,1.0,117,17.0,100,71,38,8.0,,4.0,,,13.0,,,20.0,,,15.0,,,,,,21.0,,,26.0,,,,,,11.0,,,7.0,,,"5,391"
2014,ENE - DIC,10/01/2015,ENT001,PROGRAMA NACIONAL PARA LA PREVENCIÓN Y ERRADICACIÓN DE LA VIOLENCIA CONTRA LA MUJER E INTEGRANTES DEL GRUPO FAMILIAR,LIN001,ATENCIÓN INTEGRAL Y MULTIDISCIPLINARIA PARA VICTIMAS DE VIOLENCIA,SER001,CENTRO EMERGENCIA MUJER,160201,LORETO,ALTO AMAZONAS,YURIMAGUAS,CEM114,YURIMAGUAS,1.0,227,36.0,191,123,98,6.0,,7.0,,,22.0,,,17.0,,,31.0,,,,,,75.0,,,39.0,,,,,,28.0,,,8.0,,,"2,175"
2014,ENE - DIC,10/01/2015,ENT001,PROGRAMA NACIONAL PARA LA PREVENCIÓN Y ERRADICACIÓN DE LA VIOLENCIA CONTRA LA MUJER E INTEGRANTES DEL GRUPO FAMILIAR,LIN001,ATENCIÓN INTEGRAL Y MULTIDISCIPLINARIA PARA VICTIMAS DE VIOLENCIA,SER001,CENTRO EMERGENCIA MUJER,240301,TUMBES,ZARUMILLA,ZARUMILLA,CEM170,ZARUMILLA,1.0,64,8.0,56,52,11,1.0,,3.0,,,13.0,,,8.0,,,10.0,,,,,,17.0,,,10.0,,,,,,2.0,,,1.0,,,"1,978"
2014,ENE - DIC,10/01/2015,ENT001,PROGRAMA NACIONAL PARA LA PREVENCIÓN Y ERRADICACIÓN DE LA VIOLENCIA CONTRA LA MUJER E INTEGRANTES DEL GRUPO FAMILIAR,LIN001,ATENCIÓN INTEGRAL Y MULTIDISCIPLINARIA PARA VICTIMAS DE VIOLENCIA,SER001,CENTRO EMERGENCIA MUJER,40601,AREQUIPA,CONDESUYOS,CHUQUIBAMBA,CEM201,CONDESUYOS,1.0,36,3.0,33,14,13,9.0,,1.0,,,4.0,,,7.0,,,4.0,,,,,,9.0,,,6.0,,,,,,4.0,,,1.0,,,879
2014,ENE - DIC,10/01/2015,ENT001,PROGRAMA NACIONAL PARA LA PREVENCIÓN Y ERRADICACIÓN DE LA VIOLENCIA CONTRA LA MUJER E INTEGRANTES DEL GRUPO FAMILIAR,LIN001,ATENCIÓN INTEGRAL Y MULTIDISCIPLINARIA PARA VICTIMAS DE VIOLENCIA,SER001,CENTRO EMERGENCIA MUJER,220401,SAN MARTÍN,HUALLAGA,SAPOSOA,CEM202,HUALLAGA,1.0,104,26.0,78,41,54,9.0,,9.0,,,20.0,,,16.0,,,8.0,,,,,,23.0,,,14.0,,,,,,7.0,,,7.0,,,"1,432"
2014,ENE - DIC,10/01/2015,ENT001,PROGRAMA NACIONAL PARA LA PREVENCIÓN Y ERRADICACIÓN DE LA VIOLENCIA CONTRA LA MUJER E INTEGRANTES DEL GRUPO FAMILIAR,LIN001,ATENCIÓN INTEGRAL Y MULTIDISCIPLINARIA PARA VICTIMAS DE VIOLENCIA,SER001,CENTRO EMERGENCIA MUJER,211301,PUNO,YUNGUYO,YUNGUYO,CEM203,YUNGUYO,1.0,60,1.0,59,22,36,2.0,,0.0,,,0.0,,,1.0,,,14.0,,,,,,11.0,,,16.0,,,,,,11.0,,,7.0,,,"3,240"
2014,ENE - DIC,10/01/2015,ENT001,PROGRAMA NACIONAL PARA LA PREVENCIÓN Y ERRADICACIÓN DE LA VIOLENCIA CONTRA LA MUJER E INTEGRANTES DEL GRUPO FAMILIAR,LIN001,ATENCIÓN INTEGRAL Y MULTIDISCIPLINARIA PARA VICTIMAS DE VIOLENCIA,SER001,CENTRO EMERGENCIA MUJER,30401,APURÍMAC,AYMARAES,CHALHUANCA,CEM204,AYMARAES,1.0,85,10.0,75,31,53,1.0,,4.0,,,9.0,,,7.0,,,14.0,,,,,,20.0,,,12.0,,,,,,14.0,,,5.0,,,"2,406"
2014,ENE - DIC,10/01/2015,ENT001,PROGRAMA NACIONAL PARA LA PREVENCIÓN Y ERRADICACIÓN DE LA VIOLENCIA CONTRA LA MUJER E INTEGRANTES DEL GRUPO FAMILIAR,LIN001,ATENCIÓN INTEGRAL Y MULTIDISCIPLINARIA PARA VICTIMAS DE VIOLENCIA,SER001,CENTRO EMERGENCIA MUJER,20401,ÁNCASH,ASUNCIÓN,CHACAS,CEM205,ASUNCION,1.0,59,4.0,55,27,24,8.0,,0.0,,,4.0,,,4.0,,,8.0,,,,,,13.0,,,8.0,,,,,,15.0,,,7.0,,,"1,390"
2014,ENE - DIC,10/01/2015,ENT001,PROGRAMA NACIONAL PARA LA PREVENCIÓN Y ERRADICACIÓN DE LA VIOLENCIA CONTRA LA MUJER E INTEGRANTES DEL GRUPO FAMILIAR,LIN001,ATENCIÓN INTEGRAL Y MULTIDISCIPLINARIA PARA VICTIMAS DE VIOLENCIA,SER001,CENTRO EMERGENCIA MUJER,61201,CAJAMARCA,SAN PABLO,SAN PABLO,CEM206,SAN PABLO,1.0,56,13.0,43,27,25,4.0,,6.0,,,11.0,,,11.0,,,5.0,,,,,,8.0,,,11.0,,,,,,3.0,,,1.0,,,589
2014,ENE - DIC,10/01/2015,ENT001,PROGRAMA NACIONAL PARA LA PREVENCIÓN Y ERRADICACIÓN DE LA VIOLENCIA CONTRA LA MUJER E INTEGRANTES DEL GRUPO FAMILIAR,LIN001,ATENCIÓN INTEGRAL Y MULTIDISCIPLINARIA PARA VICTIMAS DE VIOLENCIA,SER001,CENTRO EMERGENCIA MUJER,150901,LIMA PROVINCIAS,OYÓN,OYÓN,CEM207,OYON,1.0,72,7.0,65,36,33,3.0,,2.0,,,6.0,,,13.0,,,9.0,,,,,,20.0,,,17.0,,,,,,5.0,,,0.0,,,"1,322"
2014,ENE - DIC,10/01/2015,ENT001,PROGRAMA NACIONAL PARA LA PREVENCIÓN Y ERRADICACIÓN DE LA VIOLENCIA CONTRA LA MUJER E INTEGRANTES DEL GRUPO FAMILIAR,LIN001,ATENCIÓN INTEGRAL Y MULTIDISCIPLINARIA PARA VICTIMAS DE VIOLENCIA,SER001,CENTRO EMERGENCIA MUJER,80201,CUSCO,ACOMAYO,ACOMAYO,CEM208,ACOMAYO,1.0,63,5.0,58,28,27,8.0,,2.0,,,7.0,,,8.0,,,8.0,,,,,,16.0,,,8.0,,,,,,13.0,,,1.0,,,"1,126"
2014,ENE - DIC,10/01/2015,ENT001,PROGRAMA NACIONAL PARA LA PREVENCIÓN Y ERRADICACIÓN DE LA VIOLENCIA CONTRA LA MUJER E INTEGRANTES DEL GRUPO FAMILIAR,LIN001,ATENCIÓN INTEGRAL Y MULTIDISCIPLINARIA PARA VICTIMAS DE VIOLENCIA,SER001,CENTRO EMERGENCIA MUJER,100701,HUÁNUCO,MARAÑON,HUACRACHUCO,CEM209,MARAÑON,1.0,15,1.0,14,1,13,1.0,,0.0,,,0.0,,,1.0,,,2.0,,,,,,7.0,,,2.0,,,,,,2.0,,,1.0,,,64
2014,ENE - DIC,10/01/2015,ENT001,PROGRAMA NACIONAL PARA LA PREVENCIÓN Y ERRADICACIÓN DE LA VIOLENCIA CONTRA LA MUJER E INTEGRANTES DEL GRUPO FAMILIAR,LIN001,ATENCIÓN INTEGRAL Y MULTIDISCIPLINARIA PARA VICTIMAS DE VIOLENCIA,SER001,CENTRO EMERGENCIA MUJER,150139,LIMA METROPOLITANA,LIMA,SANTA ROSA,CEM210,SANTA ROSA,1.0,102,12.0,90,72,15,15.0,,3.0,,,21.0,,,15.0,,,9.0,,,,,,27.0,,,13.0,,,,,,12.0,,,2.0,,,922
2014,ENE - DIC,10/01/2015,ENT001,PROGRAMA NACIONAL PARA LA PREVENCIÓN Y ERRADICACIÓN DE LA VIOLENCIA CONTRA LA MUJER E INTEGRANTES DEL GRUPO FAMILIAR,LIN001,ATENCIÓN INTEGRAL Y MULTIDISCIPLINARIA PARA VICTIMAS DE VIOLENCIA,SER001,CENTRO EMERGENCIA MUJER,21601,ÁNCASH,POMABAMBA,POMABAMBA,CEM211,POMABAMBA,1.0,59,6.0,53,22,29,8.0,,2.0,,,1.0,,,8.0,,,11.0,,,,,,18.0,,,13.0,,,,,,5.0,,,1.0,,,577
2014,ENE - DIC,10/01/2015,ENT001,PROGRAMA NACIONAL PARA LA PREVENCIÓN Y ERRADICACIÓN DE LA VIOLENCIA CONTRA LA MUJER E INTEGRANTES DEL GRUPO FAMILIAR,LIN001,ATENCIÓN INTEGRAL Y MULTIDISCIPLINARIA PARA VICTIMAS DE VIOLENCIA,SER001,CENTRO EMERGENCIA MUJER,230401,TACNA,TARATA,TARATA,CEM212,TARATA,1.0,42,7.0,35,15,24,3.0,,1.0,,,10.0,,,8.0,,,3.0,,,,,,10.0,,,4.0,,,,,,3.0,,,3.0,,,686
2014,ENE - DIC,10/01/2015,ENT001,PROGRAMA NACIONAL PARA LA PREVENCIÓN Y ERRADICACIÓN DE LA VIOLENCIA CONTRA LA MUJER E INTEGRANTES DEL GRUPO FAMILIAR,LIN001,ATENCIÓN INTEGRAL Y MULTIDISCIPLINARIA PARA VICTIMAS DE VIOLENCIA,SER001,CENTRO EMERGENCIA MUJER,240201,TUMBES,CONTRALMIRANTE VILLAR,ZORRITOS,CEM213,CONTRALMIRANTE VILLAR,1.0,34,2.0,32,24,9,1.0,,3.0,,,2.0,,,2.0,,,9.0,,,,,,10.0,,,3.0,,,,,,3.0,,,2.0,,,418
2014,ENE - DIC,10/01/2015,ENT001,PROGRAMA NACIONAL PARA LA PREVENCIÓN Y ERRADICACIÓN DE LA VIOLENCIA CONTRA LA MUJER E INTEGRANTES DEL GRUPO FAMILIAR,LIN001,ATENCIÓN INTEGRAL Y MULTIDISCIPLINARIA PARA VICTIMAS DE VIOLENCIA,SER001,CENTRO EMERGENCIA MUJER,150401,LIMA PROVINCIAS,CANTA,CANTA,CEM214,CANTA,1.0,23,3.0,20,9,6,8.0,,0.0,,,3.0,,,4.0,,,5.0,,,,,,2.0,,,2.0,,,,,,3.0,,,4.0,,,159
2014,ENE - DIC,10/01/2015,ENT001,PROGRAMA NACIONAL PARA LA PREVENCIÓN Y ERRADICACIÓN DE LA VIOLENCIA CONTRA LA MUJER E INTEGRANTES DEL GRUPO FAMILIAR,LIN001,ATENCIÓN INTEGRAL Y MULTIDISCIPLINARIA PARA VICTIMAS DE VIOLENCIA,SER001,CENTRO EMERGENCIA MUJER,110401,ICA,PALPA,PALPA,CEM215,PALPA,1.0,65,20.0,45,34,23,8.0,,3.0,,,11.0,,,14.0,,,7.0,,,,,,12.0,,,10.0,,,,,,7.0,,,1.0,,,"1,000"
2014,ENE - DIC,10/01/2015,ENT001,PROGRAMA NACIONAL PARA LA PREVENCIÓN Y ERRADICACIÓN DE LA VIOLENCIA CONTRA LA MUJER E INTEGRANTES DEL GRUPO FAMILIAR,LIN001,ATENCIÓN INTEGRAL Y MULTIDISCIPLINARIA PARA VICTIMAS DE VIOLENCIA,SER001,CENTRO EMERGENCIA MUJER,210901,PUNO,MOHO,MOHO,CEM216,MOHO,1.0,20,4.0,16,2,16,2.0,,1.0,,,4.0,,,3.0,,,2.0,,,,,,2.0,,,3.0,,,,,,4.0,,,1.0,,,553
2014,ENE - DIC,10/01/2015,ENT001,PROGRAMA NACIONAL PARA LA PREVENCIÓN Y ERRADICACIÓN DE LA VIOLENCIA CONTRA LA MUJER E INTEGRANTES DEL GRUPO FAMILIAR,LIN001,ATENCIÓN INTEGRAL Y MULTIDISCIPLINARIA PARA VICTIMAS DE VIOLENCIA,SER001,CENTRO EMERGENCIA MUJER,100401,HUÁNUCO,HUACAYBAMBA,HUACAYBAMBA,CEM217,HUACAYBAMBA,1.0,0,,,,,,,,,,,,,,,,,,,,,,,,,,,,,,,,,,,,,0
2014,ENE - DIC,10/01/2015,ENT001,PROGRAMA NACIONAL PARA LA PREVENCIÓN Y ERRADICACIÓN DE LA VIOLENCIA CONTRA LA MUJER E INTEGRANTES DEL GRUPO FAMILIAR,LIN001,ATENCIÓN INTEGRAL Y MULTIDISCIPLINARIA PARA VICTIMAS DE VIOLENCIA,SER001,CENTRO EMERGENCIA MUJER,150301,LIMA PROVINCIAS,CAJATAMBO,CAJATAMBO,CEM218,CAJATAMBO,1.0,0,,,,,,,,,,,,,,,,,,,,,,,,,,,,,,,,,,,,,0
2014,ENE - DIC,10/01/2015,ENT001,PROGRAMA NACIONAL PARA LA PREVENCIÓN Y ERRADICACIÓN DE LA VIOLENCIA CONTRA LA MUJER E INTEGRANTES DEL GRUPO FAMILIAR,LIN001,ATENCIÓN INTEGRAL Y MULTIDISCIPLINARIA PARA VICTIMAS DE VIOLENCIA,SER001,CENTRO EMERGENCIA MUJER,20701,ÁNCASH,CARLOS FERMIN FITZCARRALD,SAN LUIS,CEM219,CARLOS FERMIN FITZCARRALD,1.0,23,1.0,22,7,13,3.0,,1.0,,,2.0,,,2.0,,,5.0,,,,,,3.0,,,3.0,,,,,,5.0,,,2.0,,,92
2014,ENE - DIC,10/01/2015,ENT001,PROGRAMA NACIONAL PARA LA PREVENCIÓN Y ERRADICACIÓN DE LA VIOLENCIA CONTRA LA MUJER E INTEGRANTES DEL GRUPO FAMILIAR,LIN001,ATENCIÓN INTEGRAL Y MULTIDISCIPLINARIA PARA VICTIMAS DE VIOLENCIA,SER001,CENTRO EMERGENCIA MUJER,20301,ÁNCASH,ANTONIO RAYMONDI,LLAMELLIN,CEM220,ANTONIO RAYMONDI,1.0,16,0.0,16,2,6,8.0,,0.0,,,4.0,,,3.0,,,2.0,,,,,,3.0,,,3.0,,,,,,0.0,,,1.0,,,120
2014,ENE - DIC,10/01/2015,ENT001,PROGRAMA NACIONAL PARA LA PREVENCIÓN Y ERRADICACIÓN DE LA VIOLENCIA CONTRA LA MUJER E INTEGRANTES DEL GRUPO FAMILIAR,LIN001,ATENCIÓN INTEGRAL Y MULTIDISCIPLINARIA PARA VICTIMAS DE VIOLENCIA,SER001,CENTRO EMERGENCIA MUJER,61301,CAJAMARCA,SANTA CRUZ,SANTA CRUZ,CEM221,SANTA CRUZ,1.0,30,5.0,25,7,18,5.0,,3.0,,,3.0,,,4.0,,,5.0,,,,,,8.0,,,6.0,,,,,,1.0,,,0.0,,,214
2014,ENE - DIC,10/01/2015,ENT001,PROGRAMA NACIONAL PARA LA PREVENCIÓN Y ERRADICACIÓN DE LA VIOLENCIA CONTRA LA MUJER E INTEGRANTES DEL GRUPO FAMILIAR,LIN001,ATENCIÓN INTEGRAL Y MULTIDISCIPLINARIA PARA VICTIMAS DE VIOLENCIA,SER001,CENTRO EMERGENCIA MUJER,40801,AREQUIPA,LA UNIÓN,COTAHUASI,CEM222,LA UNION,1.0,2,0.0,2,1,1,0.0,,0.0,,,0.0,,,0.0,,,0.0,,,,,,1.0,,,0.0,,,,,,1.0,,,0.0,,,22
2014,ENE - DIC,10/01/2015,ENT001,PROGRAMA NACIONAL PARA LA PREVENCIÓN Y ERRADICACIÓN DE LA VIOLENCIA CONTRA LA MUJER E INTEGRANTES DEL GRUPO FAMILIAR,LIN001,ATENCIÓN INTEGRAL Y MULTIDISCIPLINARIA PARA VICTIMAS DE VIOLENCIA,SER001,CENTRO EMERGENCIA MUJER,150118,LIMA METROPOLITANA,LIMA,LURIGANCHO,CEM223,CHOSICA,1.0,8,1.0,7,3,4,1.0,,0.0,,,0.0,,,1.0,,,2.0,,,,,,1.0,,,3.0,,,,,,1.0,,,0.0,,,80
2014,ENE - DIC,10/01/2015,ENT001,PROGRAMA NACIONAL PARA LA PREVENCIÓN Y ERRADICACIÓN DE LA VIOLENCIA CONTRA LA MUJER E INTEGRANTES DEL GRUPO FAMILIAR,LIN001,ATENCIÓN INTEGRAL Y MULTIDISCIPLINARIA PARA VICTIMAS DE VIOLENCIA,SER001,CENTRO EMERGENCIA MUJER,150109,LIMA METROPOLITANA,LIMA,CIENEGUILLA,CEM224,CIENEGUILLA,1.0,5,0.0,5,0,4,1.0,,1.0,,,0.0,,,0.0,,,0.0,,,,,,2.0,,,2.0,,,,,,0.0,,,0.0,,,71
2014,ENE - DIC,10/01/2015,ENT001,PROGRAMA NACIONAL PARA LA PREVENCIÓN Y ERRADICACIÓN DE LA VIOLENCIA CONTRA LA MUJER E INTEGRANTES DEL GRUPO FAMILIAR,LIN001,ATENCIÓN INTEGRAL Y MULTIDISCIPLINARIA PARA VICTIMAS DE VIOLENCIA,SER001,CENTRO EMERGENCIA MUJER,21701,ÁNCASH,RECUAY,RECUAY,CEM225,RECUAY,1.0,0,,,,,,,,,,,,,,,,,,,,,,,,,,,,,,,,,,,,,0
2014,ENE - DIC,10/01/2015,ENT001,PROGRAMA NACIONAL PARA LA PREVENCIÓN Y ERRADICACIÓN DE LA VIOLENCIA CONTRA LA MUJER E INTEGRANTES DEL GRUPO FAMILIAR,LIN001,ATENCIÓN INTEGRAL Y MULTIDISCIPLINARIA PARA VICTIMAS DE VIOLENCIA,SER001,CENTRO EMERGENCIA MUJER,160107,LORETO,MAYNAS,NAPO,CEM226,NAPO,1.0,0,,,,,,,,,,,,,,,,,,,,,,,,,,,,,,,,,,,,,0
